Date,2016/10/11,2016/10/11,2016/10/11,2016/10/11,2016/10/11,2016/10/11,2016/10/11,2016/10/11,2016/10/11,2016/10/11,2016/10/11,2016/10/11,
Time,16:00:00,16:05:00,16:10:00,16:15:00,16:20:00,16:25:00,16:30:00,16:35:00,16:40:00,16:45:00,16:50:00,16:55:00,
Memo,EKO WISER,EKO WISER,EKO WISER,EKO WISER,EKO WISER,EKO WISER,EKO WISER,EKO WISER,EKO WISER,EKO WISER,EKO WISER,EKO WISER,
Sensor,MS-711,MS-711,MS-711,MS-711,MS-711,MS-711,MS-711,MS-711,MS-711,MS-711,MS-711,MS-711,
Exposure Time(msec),200,500,500,500,500,500,500,500,500,500,500,500,
Sensor Temp.(deg),24.6,24.6,24.6,24.6,24.6,24.6,24.6,24.6,24.7,24.7,24.8,24.7,
Power(V),5.9,5.9,5.9,5.9,5.9,5.9,5.9,5.9,5.9,5.9,5.9,5.9,
Wavelength(nm),Irradiance(W/m2/um),Irradiance(W/m2/um),Irradiance(W/m2/um),Irradiance(W/m2/um),Irradiance(W/m2/um),Irradiance(W/m2/um),Irradiance(W/m2/um),Irradiance(W/m2/um),Irradiance(W/m2/um),Irradiance(W/m2/um),Irradiance(W/m2/um),Irradiance(W/m2/um),
287.77,0.00,0.00,-0.00,0.00,0.00,0.00,0.00,0.00,-0.00,0.00,-0.00,0.00,
288.21,0.00,0.00,0.00,0.00,0.00,0.00,0.00,0.00,-0.00,0.00,-0.00,0.00,
288.65,0.00,0.00,0.00,0.00,0.00,0.00,0.00,0.00,-0.00,0.00,-0.00,0.00,
289.08,0.00,0.00,0.00,0.00,0.00,0.00,0.00,0.00,-0.00,0.00,0.00,0.00,
289.52,0.00,0.00,0.00,-0.00,0.00,0.00,0.00,0.00,-0.00,0.00,0.00,0.00,
289.95,0.00,0.00,0.00,-0.00,0.00,0.00,0.00,0.00,-0.00,0.00,0.00,0.00,
290.39,0.00,0.00,0.00,0.00,0.00,0.00,0.00,0.00,-0.00,0.00,0.00,0.00,
290.82,0.00,0.00,0.00,0.00,0.00,0.00,0.00,0.00,-0.00,0.00,0.00,0.00,
291.26,0.00,0.00,0.00,0.00,0.00,0.00,0.00,0.00,0.00,0.00,0.00,0.00,
291.69,0.00,0.00,0.00,0.00,0.00,0.00,0.00,0.00,0.00,0.00,0.00,0.00,
292.13,0.00,0.00,0.00,0.00,0.00,0.00,0.00,0.00,0.00,0.00,0.00,0.00,
292.56,0.00,0.00,0.00,-0.00,0.00,0.00,0.00,0.00,0.00,0.00,0.00,0.00,
293.00,0.00,0.00,0.00,-0.00,0.00,0.00,0.00,0.00,0.00,0.00,0.00,0.00,
293.43,0.00,0.00,0.00,-0.00,0.00,0.00,0.00,0.00,0.00,0.00,0.00,0.00,
293.87,0.00,0.00,0.00,-0.00,0.00,0.00,0.00,0.00,0.00,0.00,0.00,0.00,
294.30,0.00,0.00,0.00,-0.00,0.00,0.00,0.00,0.00,0.00,0.00,0.00,0.00,
294.74,0.75,0.40,0.18,-0.05,0.40,0.50,0.25,0.28,0.10,0.20,0.33,0.10,
295.17,0.81,0.27,0.10,0.00,0.52,0.50,0.22,0.47,0.12,0.22,0.45,0.10,
295.61,1.05,0.22,0.07,0.02,0.40,0.49,0.44,0.57,0.20,0.22,0.49,0.17,
296.04,1.28,0.24,0.22,0.12,0.37,0.37,0.49,0.54,0.34,0.27,0.32,0.24,
296.47,1.22,0.41,0.19,0.19,0.49,0.32,0.44,0.51,0.36,0.44,0.24,0.27,
296.91,0.90,0.48,0.17,0.22,0.41,0.46,0.43,0.51,0.48,0.46,0.17,0.27,
297.34,0.83,0.52,0.33,0.24,0.55,0.64,0.55,0.45,0.57,0.31,0.21,0.24,
297.78,0.84,0.60,0.34,0.31,0.60,0.65,0.58,0.55,0.55,0.24,0.29,0.22,
298.21,0.67,0.58,0.29,0.12,0.53,0.65,0.56,0.65,0.58,0.36,0.31,0.22,
298.65,0.96,0.65,0.41,0.17,0.48,0.96,0.53,0.67,0.67,0.38,0.45,0.19,
299.08,1.32,0.65,0.45,0.45,0.53,1.00,0.62,0.67,0.74,0.24,0.29,0.24,
299.51,1.56,0.79,0.60,0.58,0.72,0.91,0.60,0.89,0.72,0.31,0.31,0.46,
299.95,1.67,1.05,0.79,0.62,0.89,1.12,0.72,0.96,0.77,0.53,0.43,0.55,
300.38,1.54,1.14,0.83,0.66,1.07,1.28,0.76,0.78,0.85,0.50,0.38,0.45,
300.82,1.77,1.13,0.87,0.87,1.28,1.30,0.85,0.92,0.85,0.52,0.50,0.40,
301.25,2.32,1.24,0.90,0.98,1.29,1.36,1.21,1.17,1.02,0.74,0.55,0.52,
301.68,2.96,1.39,1.16,1.09,1.30,1.37,1.44,1.30,1.23,0.85,0.47,0.73,
302.12,3.35,1.71,1.20,1.29,1.50,1.50,1.50,1.39,1.39,1.08,0.47,0.75,
302.55,3.64,1.95,1.24,1.48,1.62,1.78,1.67,1.53,1.46,1.17,0.54,0.89,
302.99,4.13,2.21,1.60,1.63,1.86,2.12,1.95,1.70,1.60,1.26,0.74,1.05,
303.42,4.70,2.56,1.90,1.88,2.30,2.46,2.25,1.90,1.71,1.29,0.94,1.10,
303.85,5.07,2.73,2.07,2.03,2.50,2.73,2.40,2.15,1.72,1.46,1.20,1.30,
304.29,5.99,2.96,2.30,2.25,2.77,3.17,2.80,2.51,2.00,1.71,1.48,1.41,
304.72,7.01,3.29,2.66,2.66,3.11,3.53,3.18,2.83,2.29,1.80,1.59,1.68,
305.15,7.94,3.74,3.01,3.13,3.60,3.69,3.57,3.27,2.50,2.01,1.73,2.06,
305.59,8.76,4.29,3.44,3.46,4.13,4.20,4.04,3.62,2.81,2.53,2.07,2.32,
306.02,9.47,4.83,3.88,3.79,4.69,4.85,4.60,3.86,3.28,2.77,2.22,2.52,
306.46,10.42,5.27,4.35,4.42,5.39,5.44,5.21,4.40,3.69,3.11,2.56,2.72,
306.89,12.00,5.87,4.89,5.01,6.06,6.13,6.10,5.17,4.19,3.59,3.05,3.17,
307.32,13.45,6.60,5.54,5.38,6.69,6.92,6.99,5.96,4.82,4.12,3.41,3.65,
307.76,14.87,7.35,6.25,6.14,7.49,7.91,7.70,6.65,5.46,4.64,3.85,4.01,
308.19,16.30,8.06,6.92,6.94,8.30,8.81,8.53,7.34,6.03,5.07,4.37,4.53,
308.62,18.20,9.04,7.84,7.68,9.30,9.89,9.56,8.27,6.76,5.68,4.93,5.26,
309.06,19.59,10.12,8.78,8.47,10.31,11.11,10.61,9.18,7.48,6.28,5.62,5.69,
309.49,21.34,11.04,9.60,9.32,11.45,12.30,11.59,10.12,8.14,7.00,6.29,6.29,
309.92,23.24,11.97,10.48,10.22,12.54,13.44,12.70,11.31,8.97,7.83,7.15,6.93,
310.35,25.67,13.02,11.43,11.17,13.62,14.76,14.21,12.57,10.03,8.60,7.80,7.68,
310.79,27.85,14.16,12.49,12.26,14.75,15.82,15.34,13.73,10.97,9.41,8.36,8.46,
311.22,29.90,15.28,13.45,13.22,16.01,17.05,16.53,14.85,11.87,10.40,9.12,9.26,
311.65,32.03,16.52,14.50,14.24,17.26,18.62,17.98,16.10,13.05,11.31,9.86,10.02,
312.09,34.03,17.63,15.59,15.35,18.53,19.98,19.34,17.30,14.02,12.05,10.67,10.74,
312.52,36.72,18.97,16.63,16.56,19.91,21.46,20.96,18.88,15.17,13.04,11.70,11.68,
312.95,39.22,20.28,17.76,17.56,21.20,22.98,22.57,20.45,16.43,14.12,12.70,12.66,
313.38,41.90,21.61,18.96,18.76,22.50,24.75,24.05,21.92,17.63,15.12,13.75,13.51,
313.82,44.66,22.78,20.08,20.10,23.86,26.22,25.43,23.26,18.85,16.01,14.61,14.49,
314.25,47.67,24.20,21.33,21.33,25.40,27.71,26.94,24.87,20.10,17.07,15.60,15.65,
314.68,50.25,25.66,22.63,22.48,26.94,29.44,28.55,26.31,21.35,18.22,16.66,16.68,
315.12,52.77,26.97,23.77,23.58,28.41,30.98,29.92,27.66,22.50,19.23,17.60,17.53,
315.55,55.69,28.09,24.81,24.81,29.98,32.37,31.47,29.24,23.69,20.24,18.64,18.59,
315.98,59.34,29.64,26.15,26.24,31.60,34.25,33.67,31.24,25.33,21.54,19.80,19.88,
316.41,62.54,31.18,27.48,27.53,33.14,35.89,35.39,32.90,26.81,22.75,20.79,21.15,
316.85,65.22,32.64,28.59,28.81,34.62,37.39,36.86,34.40,28.06,24.02,21.70,22.21,
317.28,68.00,33.94,29.70,30.06,36.03,39.09,38.49,35.98,29.39,25.15,22.77,23.35,
317.71,70.72,35.47,31.13,31.35,37.62,40.92,40.29,37.64,30.82,26.34,23.93,24.46,
318.14,73.39,36.88,32.22,32.43,39.12,42.46,41.86,39.16,32.02,27.46,24.96,25.44,
318.57,75.97,38.08,33.37,33.51,40.51,44.04,43.44,40.84,33.25,28.54,26.06,26.54,
319.01,78.89,39.40,34.73,34.63,41.95,45.84,45.07,42.47,34.61,29.75,27.25,27.61,
319.44,82.14,40.72,35.96,35.93,43.41,47.40,46.63,44.08,35.98,30.72,28.17,28.80,
319.87,84.85,41.85,37.00,37.10,44.74,48.55,47.95,45.56,37.05,31.69,29.02,29.97,
320.30,87.55,43.31,38.24,38.26,46.29,50.22,49.51,47.17,38.31,32.90,30.09,31.09,
320.73,90.36,44.87,39.45,39.52,47.94,52.04,51.32,48.80,39.78,34.14,31.15,32.26,
321.17,93.38,46.22,40.62,41.00,49.63,53.70,53.04,50.48,41.14,35.37,32.29,33.28,
321.60,97.91,48.20,42.35,42.78,51.79,56.19,55.71,53.00,43.13,37.07,33.95,34.98,
322.03,102.18,50.31,44.23,44.47,53.87,58.56,58.23,55.51,45.26,38.84,35.43,36.70,
322.46,106.36,52.36,45.92,46.25,55.91,60.71,60.38,57.71,47.20,40.57,36.86,38.17,
322.89,110.38,54.08,47.42,47.96,57.82,62.92,62.47,59.87,48.93,41.98,38.24,39.66,
323.33,115.00,56.16,49.35,49.72,60.10,65.36,65.10,62.24,51.00,43.64,39.92,41.43,
323.76,118.93,58.34,51.12,51.40,62.36,67.76,67.45,64.47,52.88,45.30,41.49,42.88,
324.19,123.20,60.14,52.61,52.99,64.36,69.89,69.61,66.69,54.50,46.85,43.06,44.36,
324.62,127.50,61.90,54.22,54.59,66.42,72.18,71.86,69.06,56.35,48.43,44.70,45.91,
325.05,132.95,64.31,56.19,56.67,68.84,74.90,74.69,71.80,58.66,50.31,46.45,47.72,
325.48,137.69,66.25,57.86,58.52,70.98,76.91,76.91,74.20,60.50,51.95,47.84,49.40,
325.92,141.73,68.13,59.31,60.11,73.08,79.05,79.05,76.27,62.25,53.68,49.17,50.86,
326.35,145.96,70.18,60.97,61.81,75.15,81.51,81.48,78.56,64.33,55.41,50.65,52.33,
326.78,149.53,71.80,62.33,63.28,76.89,83.41,83.48,80.44,65.86,56.75,51.87,53.40,
327.21,153.31,73.28,63.72,64.54,78.51,85.15,85.42,82.42,67.38,58.08,53.10,54.62,
327.64,156.23,74.62,64.85,65.51,79.84,86.68,87.16,84.28,68.82,59.32,54.25,55.76,
328.07,158.79,75.72,65.72,66.51,80.90,87.88,88.35,85.59,69.91,60.32,55.01,56.45,
328.50,161.36,76.58,66.38,67.41,81.83,88.92,89.35,86.79,70.84,61.00,55.66,57.28,
328.93,163.11,77.19,66.98,67.85,82.48,89.63,90.06,87.66,71.42,61.47,56.12,57.92,
329.37,164.29,77.92,67.46,68.21,83.08,90.32,90.71,88.26,71.95,62.00,56.65,58.21,
329.80,165.46,78.40,67.82,68.55,83.55,90.91,91.06,88.82,72.32,62.26,57.08,58.42,
330.23,166.47,78.48,67.92,68.72,83.84,91.07,91.32,89.30,72.56,62.43,57.35,58.60,
330.66,168.56,79.20,68.52,69.36,84.50,91.94,92.40,90.40,73.50,63.05,57.86,59.10,
331.09,169.96,79.66,68.92,69.76,84.90,92.29,92.82,90.92,73.94,63.43,58.00,59.44,
331.52,170.43,79.79,68.92,69.87,84.88,92.28,92.82,91.06,73.98,63.62,57.98,59.53,
331.95,170.37,79.61,68.66,69.76,84.60,92.16,92.71,90.83,73.99,63.51,57.89,59.36,
332.38,170.48,79.57,68.72,69.61,84.50,92.10,92.70,90.84,73.98,63.50,57.93,59.16,
332.81,170.26,79.45,68.49,69.41,84.36,91.81,92.51,90.79,73.84,63.28,57.89,58.99,
333.24,169.94,79.12,68.22,68.97,83.96,91.37,92.22,90.66,73.59,63.08,57.79,58.88,
333.68,169.89,78.94,68.00,68.68,83.71,91.12,91.94,90.53,73.49,62.92,57.80,58.62,
334.11,170.91,79.13,68.11,68.77,83.72,91.17,91.93,90.74,73.64,62.86,57.74,58.69,
334.54,171.52,79.09,68.11,68.71,83.67,90.87,91.72,90.91,73.55,62.76,57.70,58.76,
334.97,171.84,79.20,68.13,68.58,83.70,90.88,91.69,90.88,73.50,62.85,57.80,58.65,
335.40,172.68,79.46,68.32,68.70,83.98,91.17,91.85,91.06,73.84,63.03,57.88,58.62,
335.83,174.05,79.64,68.49,69.05,84.35,91.34,92.16,91.53,74.13,63.30,58.12,58.75,
336.26,176.03,80.11,68.85,69.47,84.90,91.79,92.86,92.42,74.76,63.80,58.49,59.15,
336.69,177.55,80.65,69.24,69.79,85.30,92.24,93.39,92.99,75.33,64.23,58.76,59.52,
337.12,179.28,81.17,69.58,70.21,85.70,92.64,93.77,93.47,75.77,64.64,59.00,59.83,
337.55,180.88,81.60,69.85,70.61,86.06,93.18,94.28,94.21,76.38,65.07,59.35,60.17,
337.98,182.66,82.23,70.39,70.95,86.66,93.79,94.82,94.89,76.93,65.46,59.78,60.57,
338.41,184.23,82.96,70.84,71.34,87.25,94.38,95.46,95.70,77.41,65.83,60.25,60.89,
338.84,185.58,83.43,71.10,71.64,87.59,94.88,95.88,96.33,77.76,66.12,60.60,61.20,
339.27,187.12,83.77,71.40,71.92,87.88,95.33,96.31,96.92,78.16,66.52,60.94,61.40,
339.70,189.59,84.53,71.86,72.50,88.59,96.02,96.99,97.79,78.93,67.00,61.35,61.82,
340.13,191.60,85.11,72.25,73.09,89.08,96.42,97.59,98.61,79.39,67.44,61.72,62.27,
340.56,192.72,85.47,72.43,73.36,89.40,96.71,97.97,99.01,79.68,67.78,61.89,62.44,
340.99,193.27,85.68,72.46,73.43,89.53,96.89,98.20,99.19,79.92,67.91,61.94,62.40,
341.42,194.23,85.81,72.51,73.61,89.63,96.98,98.32,99.40,79.99,68.04,61.98,62.32,
341.85,194.78,85.78,72.40,73.61,89.58,96.84,98.48,99.63,80.04,68.08,62.06,62.37,
342.28,194.88,85.80,72.35,73.33,89.36,96.68,98.46,99.71,80.05,68.08,61.99,62.31,
342.71,195.17,85.78,72.20,73.18,89.05,96.52,98.23,99.62,79.96,68.00,61.83,62.13,
343.14,196.12,85.92,72.22,73.29,89.06,96.59,98.33,99.87,80.07,68.05,61.88,62.15,
343.57,196.74,86.01,72.28,73.24,89.04,96.47,98.28,100.04,80.06,68.08,61.89,62.12,
344.00,197.00,86.15,72.27,73.21,89.00,96.35,98.20,99.99,79.95,67.95,61.94,61.91,
344.43,197.52,86.15,72.21,73.15,88.97,96.39,98.23,100.05,79.90,67.96,61.99,61.76,
344.86,198.21,86.13,72.22,73.14,88.98,96.32,98.19,100.26,79.97,67.95,62.03,61.61,
345.29,199.74,86.46,72.51,73.38,89.16,96.55,98.57,100.79,80.36,68.16,62.25,61.71,
345.72,201.02,86.85,72.80,73.53,89.37,96.60,98.79,101.20,80.64,68.30,62.32,61.86,
346.15,202.33,87.27,73.08,73.84,89.72,96.87,99.16,101.70,80.98,68.71,62.51,62.00,
346.58,203.59,87.74,73.35,74.07,90.05,97.32,99.55,102.11,81.47,69.04,62.69,62.10,
347.01,205.25,88.29,73.82,74.43,90.55,97.86,100.06,102.76,81.99,69.41,63.09,62.27,
347.44,207.64,89.12,74.41,74.99,91.26,98.66,100.97,103.67,82.69,69.93,63.70,62.75,
347.87,209.37,89.73,74.88,75.30,91.79,99.19,101.80,104.66,83.43,70.45,64.17,63.14,
348.30,211.87,90.55,75.45,75.82,92.41,100.00,102.50,105.55,84.12,71.00,64.73,63.47,
348.73,215.01,91.55,76.21,76.65,93.32,100.98,103.49,106.70,85.04,71.64,65.28,64.09,
349.16,217.73,92.47,76.96,77.32,94.12,101.78,104.41,107.85,85.84,72.24,65.90,64.68,
349.59,220.02,93.26,77.59,77.78,94.86,102.55,105.23,108.65,86.52,72.81,66.42,65.01,
350.02,220.48,93.31,77.56,77.73,94.92,102.60,105.13,108.73,86.50,72.78,66.39,64.90,
350.44,222.94,94.09,78.20,78.45,95.79,103.41,106.03,109.86,87.27,73.52,66.97,65.37,
350.87,225.74,95.05,78.88,79.15,96.56,104.24,107.01,111.08,88.23,74.21,67.52,65.93,
351.30,228.63,95.95,79.59,79.81,97.33,105.05,107.94,112.10,89.10,74.93,68.03,66.47,
351.73,231.18,96.85,80.13,80.47,98.05,105.71,108.69,113.05,89.78,75.65,68.45,67.00,
352.16,233.53,97.68,80.62,81.13,98.75,106.58,109.54,113.97,90.61,76.26,68.93,67.49,
352.59,235.49,98.30,81.12,81.55,99.31,107.23,110.23,114.73,91.20,76.72,69.35,67.81,
353.02,236.27,98.54,81.27,81.58,99.49,107.32,110.42,115.02,91.36,76.76,69.49,67.87,
353.45,236.76,98.44,81.14,81.43,99.33,107.11,110.24,115.14,91.28,76.69,69.48,67.80,
353.88,236.92,98.19,80.98,81.18,99.06,106.89,109.97,115.00,91.22,76.57,69.42,67.52,
354.31,236.54,97.77,80.60,80.75,98.48,106.29,109.24,114.49,90.78,76.09,68.97,67.15,
354.73,235.45,97.08,80.05,80.15,97.78,105.30,108.32,113.82,90.14,75.57,68.40,66.72,
355.16,234.08,96.45,79.38,79.48,96.96,104.41,107.39,113.01,89.45,75.09,67.88,66.04,
355.59,232.65,95.74,78.74,78.81,96.27,103.58,106.47,112.13,88.83,74.56,67.23,65.37,
356.02,232.40,95.43,78.35,78.62,95.91,103.05,105.94,111.82,88.42,74.25,66.94,65.02,
356.45,232.49,95.22,78.12,78.39,95.58,102.69,105.76,111.72,88.42,74.07,66.78,64.82,
356.88,232.63,95.08,77.91,77.99,95.28,102.33,105.52,111.55,88.27,73.88,66.53,64.61,
357.31,232.63,94.83,77.60,77.68,94.95,101.82,105.02,111.22,88.04,73.67,66.30,64.31,
357.74,232.59,94.60,77.32,77.42,94.58,101.55,104.68,111.02,87.83,73.45,66.04,64.10,
358.16,233.16,94.57,77.30,77.29,94.59,101.46,104.52,110.94,87.83,73.35,65.95,63.94,
358.59,233.34,94.50,77.19,77.04,94.43,101.18,104.28,110.88,87.67,73.18,65.87,63.63,
359.02,234.63,94.80,77.42,77.19,94.62,101.41,104.45,111.29,87.89,73.37,66.06,63.70,
359.45,236.65,95.33,77.79,77.56,95.07,101.92,104.94,111.98,88.34,73.79,66.42,63.88,
359.88,239.45,96.23,78.45,78.16,95.78,102.71,105.77,113.04,89.18,74.33,66.86,64.33,
360.31,242.86,97.45,79.29,79.03,96.77,103.64,106.82,114.42,90.10,75.13,67.47,65.04,
360.73,247.05,98.93,80.43,80.23,98.19,105.01,108.23,116.07,91.40,76.35,68.29,65.84,
361.16,251.71,100.67,81.70,81.59,99.87,106.81,110.07,117.97,92.99,77.60,69.36,66.73,
361.59,257.10,102.50,83.24,83.07,101.75,108.76,112.09,120.23,94.77,78.96,70.61,67.87,
362.02,262.47,104.40,84.66,84.57,103.57,110.67,114.20,122.55,96.49,80.35,71.98,69.04,
362.45,267.08,106.17,86.08,85.77,105.17,112.42,116.10,124.74,98.21,81.67,73.13,70.16,
362.88,272.24,107.91,87.49,87.09,106.77,114.14,117.95,126.85,99.78,82.94,74.29,71.09,
363.30,277.11,109.58,88.82,88.40,108.24,115.79,119.67,128.83,101.33,84.10,75.32,72.15,
363.73,282.33,111.48,90.30,89.85,110.00,117.61,121.63,131.10,103.02,85.46,76.54,73.21,
364.16,286.69,113.16,91.55,91.00,111.55,119.16,123.26,132.93,104.49,86.52,77.62,74.02,
364.59,290.85,114.60,92.66,92.06,112.92,120.65,124.73,134.79,105.85,87.58,78.64,74.85,
365.02,295.37,116.12,93.81,93.36,114.45,122.19,126.39,136.72,107.35,88.72,79.78,75.76,
365.44,299.59,117.55,94.87,94.40,115.61,123.48,127.88,138.44,108.70,89.72,80.71,76.54,
365.87,303.64,118.89,95.91,95.43,116.84,124.61,129.15,140.08,109.96,90.72,81.50,77.35,
366.30,307.04,120.10,96.79,96.30,117.92,125.66,130.37,141.48,110.99,91.68,82.19,78.00,
366.73,310.43,121.28,97.56,97.19,119.00,126.81,131.57,142.86,112.14,92.59,82.86,78.63,
367.16,313.38,122.30,98.26,97.84,119.89,127.77,132.66,144.06,113.06,93.18,83.58,79.08,
367.58,315.68,123.11,98.75,98.26,120.44,128.32,133.44,145.06,113.71,93.58,84.09,79.41,
368.01,317.32,123.49,99.03,98.46,120.71,128.52,133.88,145.80,114.14,93.93,84.40,79.58,
368.44,318.46,123.69,99.15,98.41,120.71,128.63,133.98,146.07,114.36,94.03,84.50,79.50,
368.87,319.35,123.55,98.99,98.29,120.43,128.37,133.78,146.02,114.26,93.91,84.35,79.37,
369.29,318.86,123.13,98.56,97.91,119.88,127.55,133.13,145.56,113.79,93.54,83.94,79.04,
369.72,317.70,122.52,97.97,97.25,119.19,126.70,132.23,144.72,113.05,93.06,83.49,78.34,
370.15,315.27,121.43,97.04,96.26,118.03,125.46,130.88,143.49,112.00,92.15,82.57,77.49,
370.58,313.55,120.47,96.20,95.58,117.06,124.36,129.81,142.55,111.09,91.45,81.95,76.75,
371.00,312.39,119.79,95.51,94.92,116.17,123.36,129.11,141.68,110.44,90.83,81.42,76.17,
371.43,311.41,119.13,94.97,94.10,115.27,122.43,128.11,140.88,109.74,90.34,80.70,75.61,
371.86,310.46,118.52,94.46,93.60,114.59,121.62,127.32,140.21,109.12,89.90,80.12,75.11,
372.29,310.47,118.28,94.12,93.32,114.23,121.24,126.93,139.89,108.89,89.67,79.78,74.87,
372.71,311.38,118.28,94.16,93.22,114.13,121.09,126.81,139.80,108.83,89.55,79.71,74.68,
373.14,311.52,118.24,94.08,92.94,113.85,120.73,126.54,139.67,108.65,89.34,79.63,74.37,
373.57,312.86,118.52,94.29,93.10,114.00,120.90,126.73,140.23,108.89,89.56,79.76,74.48,
374.00,314.93,118.88,94.65,93.39,114.34,121.37,127.07,140.83,109.31,89.90,80.08,74.64,
374.42,317.31,119.55,95.05,93.83,114.75,121.90,127.50,141.50,109.84,90.24,80.39,74.95,
374.85,320.35,120.45,95.72,94.58,115.43,122.43,128.27,142.74,110.57,90.86,80.88,75.42,
375.28,323.33,121.43,96.43,95.35,116.43,123.32,129.22,143.88,111.45,91.67,81.42,75.87,
375.70,326.49,122.52,97.15,96.02,117.46,124.40,130.21,145.01,112.45,92.32,82.04,76.35,
376.13,329.98,123.65,97.91,96.84,118.47,125.37,131.37,146.33,113.44,93.08,82.68,76.86,
376.56,333.38,124.58,98.53,97.56,119.29,126.20,132.51,147.58,114.38,93.74,83.35,77.36,
376.99,335.93,125.41,99.16,97.95,119.87,126.82,133.31,148.49,115.15,94.37,83.80,77.81,
377.41,337.56,125.77,99.44,98.19,120.12,127.09,133.55,149.01,115.55,94.70,84.00,77.85,
377.84,338.57,125.95,99.42,98.43,120.24,127.23,133.83,149.29,115.77,94.74,84.14,77.94,
378.27,338.76,125.90,99.32,98.25,120.13,126.96,133.66,149.19,115.70,94.52,84.02,77.81,
378.69,336.96,125.21,98.69,97.56,119.24,126.13,132.79,148.35,115.03,93.81,83.52,77.09,
379.12,333.93,124.00,97.59,96.56,118.04,124.85,131.46,147.09,114.01,92.84,82.77,76.22,
379.55,330.65,122.47,96.38,95.54,116.70,123.42,129.93,145.55,112.67,91.73,81.88,75.12,
379.97,326.28,120.63,94.84,94.00,114.70,121.37,127.91,143.34,110.94,90.23,80.53,73.87,
380.40,321.67,118.67,93.18,92.32,112.71,119.03,125.63,141.06,109.09,88.68,79.03,72.57,
380.83,316.86,116.76,91.60,90.66,110.76,116.86,123.44,138.70,107.19,87.25,77.53,71.17,
381.25,312.40,114.98,90.07,89.18,109.09,115.02,121.41,136.40,105.59,85.81,76.19,69.85,
381.68,308.97,113.53,88.88,87.83,107.50,113.43,119.68,134.62,104.23,84.60,75.14,68.74,
382.11,305.85,112.21,87.76,86.68,106.01,111.91,118.22,133.12,102.97,83.59,74.14,67.68,
382.53,303.75,111.24,87.02,85.84,105.02,110.91,117.16,132.16,102.17,82.87,73.53,67.02,
382.96,302.81,110.68,86.53,85.23,104.33,110.24,116.34,131.41,101.61,82.44,73.13,66.55,
383.39,302.61,110.36,86.21,85.03,103.86,109.81,115.83,131.13,101.30,82.11,72.80,66.29,
383.81,303.21,110.53,86.23,85.03,103.84,109.80,115.76,131.33,101.34,82.13,72.76,66.30,
384.24,304.23,110.84,86.40,84.97,103.95,109.89,115.80,131.57,101.49,82.22,72.85,66.18,
384.67,305.83,111.30,86.67,85.27,104.32,110.33,116.07,132.21,101.87,82.54,73.10,66.24,
385.09,309.18,112.21,87.41,86.08,105.27,111.20,117.07,133.52,102.74,83.31,73.80,66.73,
385.52,313.86,113.63,88.53,87.07,106.49,112.51,118.47,135.25,104.08,84.36,74.66,67.44,
385.95,319.14,115.30,89.77,88.10,107.83,113.88,119.90,137.20,105.56,85.56,75.57,68.40,
386.37,324.88,117.27,91.27,89.59,109.67,115.68,121.73,139.51,107.33,87.07,76.77,69.43,
386.80,331.16,119.45,92.90,91.23,111.63,117.70,123.91,142.00,109.33,88.67,78.10,70.54,
387.22,337.70,121.67,94.66,92.88,113.69,119.83,126.18,144.69,111.44,90.34,79.54,71.67,
387.65,343.78,123.79,96.10,94.24,115.42,121.65,128.25,147.20,113.30,91.75,80.88,72.75,
388.08,348.68,125.47,97.41,95.45,116.86,123.13,129.99,149.41,114.88,93.00,82.06,73.68,
388.50,353.13,126.90,98.47,96.46,118.14,124.52,131.39,151.21,116.24,94.05,83.05,74.49,
388.93,356.57,127.90,99.10,97.15,118.81,125.26,132.25,152.37,117.21,94.65,83.61,75.03,
389.36,358.74,128.50,99.57,97.65,119.26,125.61,132.88,153.27,117.76,94.99,83.93,75.31,
389.78,359.83,128.76,99.70,97.73,119.49,125.65,133.07,153.50,117.94,95.19,84.02,75.23,
390.21,359.57,128.53,99.52,97.48,119.31,125.34,132.74,153.24,117.74,94.95,83.72,74.93,
390.63,359.18,128.18,99.22,97.36,119.01,124.94,132.38,153.02,117.44,94.74,83.46,74.66,
391.06,359.10,127.86,98.92,97.06,118.60,124.50,132.25,152.69,117.20,94.54,83.25,74.39,
391.49,358.70,127.54,98.65,96.51,118.12,123.95,131.67,152.26,116.82,94.29,82.86,74.10,
391.91,358.20,127.28,98.31,96.27,117.70,123.41,131.13,151.87,116.44,94.01,82.53,73.83,
392.34,358.54,127.25,98.18,96.19,117.57,123.33,131.03,151.73,116.39,93.97,82.42,73.65,
392.76,359.20,127.26,98.17,96.01,117.44,123.24,130.92,151.61,116.31,93.84,82.31,73.51,
393.19,359.32,127.16,97.95,95.75,117.13,123.02,130.69,151.52,116.12,93.62,82.23,73.26,
393.61,359.04,126.77,97.57,95.43,116.70,122.58,130.25,151.31,115.89,93.29,82.08,73.02,
394.04,359.79,126.73,97.53,95.40,116.55,122.55,130.09,151.38,115.88,93.29,82.08,72.86,
394.47,362.15,127.12,97.78,95.67,116.83,122.85,130.30,151.81,116.25,93.48,82.23,72.96,
394.89,366.51,128.29,98.56,96.45,117.71,123.59,131.23,153.20,117.24,94.30,82.71,73.48,
395.32,373.30,130.48,100.24,97.99,119.56,125.49,133.11,155.67,119.14,95.92,83.90,74.50,
395.74,382.84,133.75,102.63,100.11,122.49,128.50,135.95,159.25,122.08,98.25,85.70,76.04,
396.17,395.24,137.88,105.70,103.15,126.19,132.32,140.00,164.21,125.87,101.22,88.26,78.18,
396.59,410.44,142.87,109.42,106.76,130.68,137.02,145.06,170.18,130.54,104.88,91.57,80.85,
397.02,426.96,148.42,113.66,110.60,135.56,142.07,150.54,176.71,135.53,108.91,95.03,83.92,
397.45,443.60,154.07,117.95,114.73,140.55,147.34,155.98,183.41,140.63,113.01,98.49,87.00,
397.87,460.66,159.67,122.13,118.97,145.56,152.62,161.63,190.19,145.94,117.19,102.03,90.11,
398.30,477.37,165.23,126.35,122.95,150.50,157.82,167.15,196.76,151.05,121.11,105.57,93.12,
398.72,492.71,170.52,130.27,126.77,155.16,162.64,172.36,203.10,155.86,124.82,108.94,95.89,
399.15,507.58,175.61,134.03,130.44,159.65,167.19,177.37,209.24,160.56,128.47,112.20,98.55,
399.57,522.93,180.68,137.87,134.23,164.27,171.96,182.39,215.43,165.21,132.17,115.44,101.22,
400.00,538.63,185.87,141.80,137.99,168.87,176.69,187.56,221.57,169.97,135.93,118.65,104.00,
400.42,553.21,190.65,145.40,141.43,173.14,180.86,192.19,227.39,174.35,139.38,121.56,106.55,
400.85,566.07,195.01,148.62,144.59,177.03,184.73,196.48,232.59,178.33,142.65,124.20,108.79,
401.27,577.45,198.96,151.53,147.45,180.47,188.48,200.30,237.15,181.87,145.50,126.68,110.79,
401.70,586.70,201.99,153.69,149.57,183.21,191.17,203.29,240.80,184.57,147.57,128.62,112.25,
402.12,593.26,204.04,155.09,151.05,184.80,192.85,205.40,243.44,186.46,148.93,130.01,113.25,
402.55,598.08,205.44,156.14,151.91,185.90,194.13,206.81,245.41,187.78,149.98,130.94,113.97,
402.97,601.18,206.14,156.65,152.43,186.45,194.72,207.45,246.38,188.38,150.52,131.40,114.17,
403.40,602.89,206.42,156.77,152.69,186.57,194.98,207.56,246.80,188.81,150.61,131.55,114.20,
403.82,604.73,206.82,156.95,152.90,186.73,195.04,207.71,247.34,189.14,150.76,131.66,114.24,
404.25,606.01,207.18,157.13,152.89,186.83,195.06,207.75,247.57,189.33,150.79,131.72,113.99,
404.67,606.80,207.25,157.01,152.73,186.77,194.92,207.60,247.77,189.43,150.72,131.52,113.68,
405.10,608.21,207.27,156.97,152.76,186.87,194.71,207.56,247.99,189.46,150.78,131.46,113.43,
405.52,609.82,207.36,156.94,152.72,186.77,194.71,207.69,248.29,189.62,150.92,131.44,113.27,
405.95,611.00,207.43,156.94,152.57,186.60,194.34,207.50,248.46,189.65,150.91,131.32,113.13,
406.37,612.13,207.52,156.93,152.51,186.48,194.15,207.30,248.51,189.57,150.92,131.15,112.98,
406.80,613.64,207.94,157.06,152.67,186.67,194.38,207.53,248.75,189.78,151.16,131.20,112.92,
407.22,616.06,208.54,157.59,152.90,186.94,194.80,207.97,249.50,190.28,151.45,131.51,113.04,
407.65,617.64,208.82,157.65,152.86,187.10,194.72,208.16,249.89,190.54,151.41,131.60,112.96,
408.07,619.75,209.22,157.97,153.02,187.30,194.99,208.53,250.63,190.96,151.73,131.86,113.04,
408.50,623.55,210.08,158.55,153.56,188.07,195.94,209.37,251.85,191.83,152.49,132.49,113.25,
408.92,627.45,210.94,159.16,154.17,188.59,196.55,209.94,252.94,192.67,152.92,133.02,113.59,
409.35,632.20,212.32,160.07,155.01,189.50,197.47,211.04,254.74,193.88,153.89,133.69,114.24,
409.77,637.29,213.82,161.09,155.91,190.82,198.48,212.36,256.61,195.15,155.09,134.41,114.70,
410.20,641.87,215.23,161.95,156.65,191.91,199.56,213.50,258.30,196.32,155.89,135.14,115.07,
410.62,646.51,216.42,162.74,157.67,193.10,200.53,214.81,259.95,197.57,156.76,135.90,115.61,
411.04,651.54,217.62,163.63,158.65,194.16,201.46,216.26,261.61,198.71,157.83,136.77,116.25,
411.47,655.70,218.60,164.36,159.15,194.77,202.16,217.12,262.88,199.73,158.55,137.38,116.76,
411.89,659.35,219.55,164.95,159.76,195.42,202.79,217.71,263.98,200.57,159.15,137.82,117.09,
412.32,662.97,220.55,165.59,160.45,196.24,203.60,218.67,265.00,201.47,159.92,138.27,117.53,
412.74,667.38,221.75,166.49,161.20,197.24,204.58,219.71,266.41,202.60,160.68,138.98,117.94,
413.17,670.58,222.60,166.96,161.60,197.81,205.15,220.40,267.52,203.31,161.08,139.48,118.17,
413.59,673.39,223.27,167.24,161.90,198.38,205.59,220.95,268.37,203.97,161.44,139.84,118.33,
414.02,677.34,224.16,167.79,162.57,199.17,206.29,221.69,269.66,204.91,162.07,140.48,118.54,
414.44,681.01,224.96,168.27,163.02,199.77,206.87,222.32,270.79,205.72,162.68,140.94,118.88,
414.86,683.50,225.44,168.52,163.45,200.07,206.87,222.60,271.63,206.26,162.93,140.97,119.12,
415.29,685.33,225.89,168.64,163.58,200.34,207.11,222.88,271.97,206.56,163.33,140.93,119.05,
415.71,686.18,226.04,168.64,163.51,200.48,206.91,222.70,271.98,206.75,163.27,140.89,118.75,
416.14,687.30,226.16,168.59,163.57,200.30,206.91,222.64,272.15,206.91,163.07,140.96,118.60,
416.56,687.64,225.90,168.36,163.35,199.99,206.52,222.52,271.95,206.82,162.98,140.84,118.33,
416.99,688.17,225.81,168.21,162.85,199.66,206.23,222.25,271.89,206.53,162.80,140.73,118.17,
417.41,688.29,225.66,167.99,162.55,199.29,205.96,221.65,271.57,206.50,162.57,140.58,117.86,
417.83,689.09,225.78,167.87,162.54,199.08,205.91,221.53,271.55,206.55,162.57,140.39,117.70,
418.26,690.47,226.02,167.99,162.47,199.18,205.94,221.54,271.83,206.61,162.55,140.45,117.68,
418.68,691.40,226.23,168.00,162.23,199.11,206.00,221.45,272.12,206.71,162.33,140.44,117.37,
419.11,690.66,225.95,167.44,161.81,198.68,205.45,221.08,272.02,206.62,161.99,140.10,116.91,
419.53,691.49,225.78,167.27,161.82,198.56,205.27,220.90,272.12,206.63,161.77,140.01,116.63,
419.95,692.57,225.80,167.13,161.81,198.38,205.07,220.76,272.37,206.73,161.81,139.89,116.46,
420.38,693.16,225.48,167.06,161.62,197.93,204.56,220.38,272.31,206.49,161.77,139.53,116.26,
420.80,692.40,225.10,166.75,161.31,197.44,203.92,219.76,271.78,206.11,161.57,138.91,115.81,
421.23,692.41,225.07,166.71,161.10,197.35,203.57,219.48,271.38,205.83,161.52,138.71,115.42,
421.65,692.72,224.99,166.74,161.03,197.22,203.24,219.23,271.49,205.83,161.30,138.60,115.07,
422.07,692.60,224.88,166.39,160.74,196.78,202.89,218.96,271.33,205.47,160.95,138.29,114.71,
422.50,693.09,224.64,166.29,160.28,196.44,202.59,218.69,271.12,205.28,160.93,138.11,114.46,
422.92,693.90,224.43,166.18,160.00,196.13,202.34,218.33,270.91,205.09,160.74,138.22,114.12,
423.34,693.47,223.80,165.61,159.65,195.33,201.76,217.56,270.37,204.73,160.26,137.72,113.66,
423.77,693.03,223.42,165.29,159.22,194.87,200.97,217.07,270.02,204.14,160.00,137.28,113.38,
424.19,691.32,222.78,164.96,158.54,194.42,200.29,216.25,269.35,203.51,159.53,136.79,112.73,
424.62,688.37,221.60,164.01,157.77,193.36,199.08,214.85,268.17,202.72,158.54,135.85,111.82,
425.04,685.40,220.24,162.85,157.08,192.16,197.72,213.58,266.76,201.65,157.57,135.09,110.97,
425.46,683.37,218.97,161.99,156.23,191.01,196.53,212.41,265.37,200.47,156.72,134.41,110.24,
425.89,679.94,217.60,161.04,155.04,189.54,194.95,210.76,263.77,199.20,155.80,133.50,109.54,
426.31,674.73,215.76,159.66,153.66,187.77,193.03,208.77,261.62,197.42,154.43,132.14,108.42,
426.73,670.29,214.43,158.33,152.33,186.33,191.54,207.22,259.53,196.01,153.21,131.03,107.35,
427.16,666.58,213.15,157.27,151.14,185.17,190.26,205.66,257.87,194.70,152.00,130.18,106.31,
427.58,661.24,211.25,155.77,149.58,183.21,188.38,203.81,255.82,192.87,150.30,129.04,105.19,
428.00,656.53,209.39,154.13,147.87,181.30,186.49,201.87,253.55,191.02,148.94,127.74,104.13,
428.43,653.52,207.95,153.02,146.76,180.21,185.42,200.46,251.88,189.92,147.99,127.17,103.24,
428.85,651.09,206.72,152.10,145.94,178.97,184.14,199.14,250.67,188.89,146.96,126.37,102.77,
429.27,650.36,206.28,151.51,145.54,178.49,183.32,198.25,250.16,188.36,146.59,125.62,102.45,
429.70,651.38,206.54,151.66,145.48,178.57,183.21,198.24,250.22,188.39,146.78,125.44,102.29,
430.12,653.25,207.12,151.90,145.66,178.90,183.65,198.29,250.83,188.91,146.87,125.44,102.13,
430.54,656.40,207.94,152.25,146.14,179.35,183.96,198.93,251.63,189.61,147.15,125.89,102.31,
430.97,661.45,209.29,152.95,146.94,180.11,184.74,200.30,252.86,190.66,148.01,126.72,102.73,
431.39,666.79,210.51,154.01,147.48,181.10,185.66,201.31,254.49,191.64,149.14,127.46,103.38,
431.81,672.14,212.13,155.03,148.48,182.23,186.84,202.37,256.47,193.04,150.27,128.13,103.98,
432.24,678.87,214.22,156.37,149.80,183.82,188.47,204.21,258.56,194.73,151.78,129.13,104.80,
432.66,687.75,216.80,158.24,151.46,185.96,190.57,206.40,261.66,196.82,153.45,130.61,105.97,
433.08,696.50,219.47,160.15,153.09,188.29,192.79,208.70,264.93,199.09,155.18,132.25,107.03,
433.51,705.42,222.03,161.86,154.76,190.36,194.93,211.27,268.10,201.62,156.85,133.75,108.31,
433.93,716.83,225.16,163.90,157.06,193.19,197.80,214.12,271.96,204.55,159.13,135.73,109.50,
434.35,726.73,228.00,165.94,159.18,195.65,200.22,216.90,275.56,207.27,161.16,137.62,110.90,
434.77,735.25,230.53,167.81,160.94,197.48,201.96,219.12,278.81,209.53,162.96,138.84,112.10,
435.20,741.75,232.62,169.17,162.36,198.96,203.53,220.76,281.21,211.17,164.54,139.77,112.76,
435.62,746.83,234.27,170.41,163.40,200.35,204.93,222.34,283.29,212.64,165.61,140.70,113.32,
436.04,750.79,235.40,171.21,164.20,201.38,205.86,223.33,284.77,213.73,166.25,141.52,113.63,
436.47,753.72,236.13,171.50,164.62,201.84,206.42,224.21,285.72,214.37,166.71,142.07,113.87,
436.89,757.26,236.88,172.12,164.87,202.48,206.95,224.88,287.00,214.77,167.39,142.63,114.25,
437.31,760.77,237.65,172.86,165.31,203.20,207.79,225.52,288.24,215.58,168.11,143.18,114.66,
437.73,764.40,238.81,173.37,166.00,203.69,208.52,226.21,289.45,216.55,168.82,143.55,115.05,
438.16,770.11,240.31,174.55,166.98,204.88,209.73,227.61,291.05,217.84,169.89,144.48,115.68,
438.58,775.61,241.81,175.68,167.88,206.06,210.87,228.88,292.92,219.30,170.81,145.46,116.17,
439.00,780.19,243.06,176.39,168.64,207.10,211.98,230.12,294.56,220.75,171.66,146.08,116.49,
439.43,785.49,244.42,177.22,169.84,208.06,212.92,231.28,296.22,221.98,172.66,146.90,116.89,
439.85,791.43,245.90,178.29,170.81,209.14,214.02,232.53,298.04,223.29,173.65,147.80,117.37,
440.27,796.41,247.08,179.37,171.63,209.97,214.79,233.43,299.78,224.45,174.58,148.44,118.00,
440.69,801.41,248.41,180.38,172.31,210.87,215.70,234.35,301.27,225.63,175.62,148.92,118.50,
441.12,807.28,250.39,181.68,173.39,212.35,217.19,235.89,303.27,227.21,176.78,149.88,119.06,
441.54,813.84,252.29,183.02,174.62,214.09,218.73,237.49,305.63,229.05,177.89,151.01,119.70,
441.96,819.28,253.78,183.78,175.51,215.09,219.79,238.82,307.35,230.38,178.83,151.75,120.17,
442.38,825.65,255.58,184.80,176.34,216.42,221.01,240.40,309.50,231.85,180.06,152.63,120.86,
442.81,832.13,257.28,186.07,177.55,217.97,222.51,241.74,311.67,233.47,181.35,153.83,121.51,
443.23,837.78,258.61,186.95,178.63,218.84,223.77,242.80,313.38,235.07,182.07,154.46,122.19,
443.65,843.19,260.01,187.92,179.58,219.97,224.62,244.07,315.28,236.15,183.04,155.13,122.75,
444.07,848.79,261.64,189.12,180.46,221.42,225.89,245.38,317.14,237.64,184.14,155.96,123.19,
444.50,852.94,262.88,189.97,181.30,222.26,226.81,246.23,318.88,239.05,184.61,156.51,123.48,
444.92,857.57,263.94,190.51,182.11,223.29,227.55,247.38,320.49,240.20,185.35,157.12,123.70,
445.34,863.78,265.47,191.52,183.07,224.33,228.60,248.70,322.18,241.41,186.41,158.08,124.26,
445.76,869.43,266.59,192.65,183.65,225.24,229.58,249.61,324.07,242.57,187.39,158.71,124.88,
446.19,873.67,267.78,193.39,184.34,226.09,230.30,250.35,325.55,243.64,188.29,159.30,125.36,
446.61,879.18,269.42,194.44,185.33,227.33,231.50,251.67,327.02,245.00,189.38,159.93,125.89,
447.03,885.48,271.21,195.78,186.46,228.86,232.91,253.21,329.16,246.58,190.36,161.05,126.47,
447.45,891.41,272.49,196.80,187.42,229.97,233.94,254.50,331.00,248.07,191.31,161.97,127.05,
447.87,897.14,274.11,197.84,188.31,231.15,234.95,255.86,332.81,249.41,192.33,162.98,127.61,
448.30,904.53,275.95,199.16,189.53,232.81,236.54,257.43,334.97,251.08,193.66,164.25,128.32,
448.72,910.63,277.33,200.31,190.64,233.76,237.68,258.75,336.90,252.43,194.56,165.13,129.07,
449.14,916.29,278.71,201.29,191.62,234.61,238.48,259.97,338.85,253.72,195.63,165.80,129.77,
449.56,920.89,280.27,202.34,192.42,235.74,239.40,261.17,340.53,254.89,196.71,166.44,130.12,
449.99,924.54,281.25,202.97,193.11,236.60,240.32,261.87,341.85,256.15,197.40,167.02,130.26,
450.41,927.59,281.95,203.47,193.66,237.12,240.71,262.62,342.84,256.91,197.84,167.48,130.39,
450.83,930.17,282.45,203.60,193.85,237.42,240.95,263.12,343.27,257.01,198.23,167.73,130.47,
451.25,932.40,282.85,204.03,193.82,237.57,241.32,263.19,343.95,257.45,198.65,167.88,130.73,
451.67,932.62,282.87,204.03,193.76,237.59,241.17,262.96,344.07,257.47,198.63,167.88,130.65,
452.10,933.74,283.38,204.02,194.05,237.70,241.21,263.27,344.20,257.69,198.86,167.88,130.64,
452.52,936.98,284.08,204.61,194.42,238.20,241.57,263.78,344.93,258.24,199.18,168.13,130.73,
452.94,937.59,284.14,204.52,194.32,238.07,241.53,263.79,345.38,258.45,199.09,168.23,130.42,
453.36,938.70,284.28,204.39,194.37,237.99,241.63,263.81,345.65,258.75,199.23,168.35,130.36,
453.78,940.04,284.41,204.27,194.41,238.04,241.68,263.81,345.81,258.65,199.29,168.48,130.13,
454.20,941.54,284.39,204.18,194.41,237.98,241.63,263.89,346.09,258.83,199.32,168.51,130.16,
454.63,942.07,284.26,204.23,194.36,237.82,241.22,263.62,346.26,258.98,199.37,168.25,130.17,
455.05,942.14,284.23,204.10,194.26,237.82,241.08,263.25,346.32,259.09,199.45,168.02,129.89,
455.47,943.78,284.66,204.26,194.40,238.04,241.52,263.34,346.61,259.48,199.62,167.97,129.67,
455.89,946.29,285.08,204.44,194.69,238.53,241.68,263.53,347.12,260.05,199.80,168.29,129.53,
456.31,948.31,285.43,204.35,194.67,238.56,241.53,263.76,347.40,260.14,199.82,168.30,129.56,
456.74,951.23,285.90,204.57,194.66,238.93,241.72,264.11,348.05,260.49,200.09,168.54,129.73,
457.16,953.83,286.55,205.02,194.93,239.53,242.28,264.51,349.03,261.06,200.56,168.99,129.87,
457.58,956.58,286.97,205.26,195.36,239.80,242.53,265.02,349.45,261.42,200.81,169.20,129.94,
458.00,960.95,287.93,205.98,195.81,240.40,243.13,265.59,350.61,262.19,201.41,169.45,130.28,
458.42,963.73,288.53,206.59,196.10,241.00,243.70,266.21,351.65,262.92,201.72,169.93,130.25,
458.84,965.75,289.07,206.56,196.36,241.30,244.19,266.44,352.44,263.51,201.87,170.08,130.15,
459.27,969.27,289.61,206.84,196.81,241.74,244.71,266.97,353.16,263.87,202.17,170.49,130.23,
459.69,972.51,290.18,207.25,197.10,242.16,244.86,267.27,353.87,264.16,202.55,170.62,130.39,
460.11,974.40,290.36,207.56,197.04,242.23,244.74,267.31,354.53,264.63,202.65,170.55,130.50,
460.53,975.42,290.47,207.71,197.08,242.06,244.71,267.09,354.64,264.64,202.82,170.28,130.32,
460.95,977.41,290.98,207.95,197.16,242.29,244.96,267.20,355.09,264.78,203.03,170.33,130.29,
461.37,980.09,291.67,208.54,197.46,242.63,245.31,267.60,355.64,265.23,203.07,170.65,130.18,
461.79,980.47,291.55,208.36,197.14,242.29,244.80,267.50,355.47,265.09,202.73,170.69,129.86,
462.22,981.34,291.61,208.22,196.70,242.00,244.55,267.52,355.56,264.90,202.68,170.56,129.80,
462.64,984.18,292.12,208.76,196.95,242.40,245.19,267.79,356.25,265.41,203.15,171.01,129.80,
463.06,985.19,292.00,208.63,197.13,241.99,245.24,267.48,356.31,265.62,202.95,170.93,129.80,
463.48,987.38,292.33,208.77,197.34,242.04,245.08,267.38,356.82,265.90,203.08,170.79,130.00,
463.90,988.53,292.93,208.92,197.16,242.16,245.22,267.33,357.37,266.17,203.35,170.76,129.74,
464.32,987.66,292.66,208.55,196.98,241.93,245.00,266.92,356.93,266.09,202.84,170.57,129.29,
464.74,987.75,292.18,207.85,196.83,241.38,244.42,266.46,356.44,265.90,202.56,170.23,128.84,
465.16,988.17,292.05,207.61,196.31,240.91,243.65,266.46,355.84,265.48,202.31,170.11,128.68,
465.59,987.73,291.65,207.42,195.65,240.45,242.86,265.74,355.45,265.32,202.22,169.70,128.52,
466.01,986.07,290.97,206.70,195.14,239.56,241.98,264.93,354.75,264.89,201.79,169.31,127.93,
466.43,985.16,290.89,206.38,194.85,239.16,241.71,264.55,354.20,264.42,201.63,168.81,127.61,
466.85,986.49,291.20,206.65,194.70,239.31,241.65,264.77,354.35,264.73,201.49,168.88,127.31,
467.27,986.15,290.82,206.14,194.21,238.65,241.12,264.49,353.94,264.53,200.88,168.87,126.77,
467.69,985.68,290.30,205.33,193.48,238.22,240.42,263.93,353.35,263.98,200.69,168.59,126.43,
468.11,987.68,290.33,205.16,193.57,238.45,240.66,263.80,353.52,264.09,200.85,168.73,126.34,
468.53,989.24,290.15,205.19,193.82,238.36,240.81,263.61,353.65,264.23,200.54,168.91,126.47,
468.95,990.25,289.92,205.01,193.83,238.15,240.41,263.20,353.70,264.13,200.50,168.59,126.63,
469.38,991.21,290.03,205.10,193.69,238.20,240.20,263.09,353.87,264.19,201.10,168.50,126.24,
469.80,993.36,290.65,205.54,194.06,238.61,240.56,263.32,354.48,264.96,201.49,168.68,125.77,
470.22,995.34,290.81,205.68,194.61,238.80,240.53,263.78,354.73,265.30,201.43,168.89,125.75,
470.64,997.49,291.10,205.48,194.75,238.76,239.95,264.26,355.03,265.39,201.62,168.93,125.45,
471.06,999.95,291.46,205.77,194.27,239.04,240.09,264.29,355.59,265.83,201.86,169.13,125.79,
471.48,1000.43,291.37,206.12,194.45,239.13,240.26,263.70,355.83,265.84,202.06,169.32,125.77,
471.90,1001.49,291.50,206.36,194.47,239.14,240.30,263.68,356.09,265.75,202.03,169.01,125.55,
472.32,1005.33,292.59,207.25,194.94,240.04,240.98,264.36,357.10,266.37,202.52,169.14,125.64,
472.74,1008.54,293.16,207.49,195.08,240.67,241.58,264.77,357.70,266.82,202.89,169.53,125.57,
473.16,1009.17,292.94,206.71,194.86,240.57,241.37,264.20,357.71,266.66,202.76,169.26,125.53,
473.58,1011.86,293.17,206.64,195.40,240.86,241.68,264.47,358.28,266.86,203.00,169.60,125.27,
474.01,1016.67,294.06,207.39,196.08,241.27,242.35,264.98,359.31,267.66,203.30,169.75,125.78,
474.43,1018.18,294.18,207.63,196.27,241.24,242.02,264.98,360.10,268.16,203.67,169.54,126.13,
474.85,1018.47,294.44,207.63,196.34,241.19,241.78,264.83,360.31,267.98,204.22,169.15,125.75,
475.27,1019.74,295.18,208.07,196.50,241.65,242.05,265.26,360.95,268.58,204.61,169.17,125.15,
475.69,1022.65,296.08,208.60,196.89,242.45,242.31,265.66,361.55,269.30,204.36,169.37,125.03,
476.11,1023.02,295.55,207.99,196.47,242.01,241.88,265.94,361.09,268.85,203.79,169.57,124.90,
476.53,1025.00,296.16,208.17,195.96,242.00,241.87,265.88,361.64,268.74,203.87,169.70,124.96,
476.95,1029.48,296.98,209.27,196.40,243.32,243.60,266.30,363.23,269.81,204.86,170.67,125.55,
477.37,1031.44,297.02,209.50,196.93,243.25,243.67,266.51,363.84,269.83,204.94,170.57,125.77,
477.79,1036.12,297.91,210.17,197.50,243.73,244.00,267.19,365.38,270.51,205.53,170.72,126.15,
478.21,1039.79,299.18,210.56,198.14,244.77,245.05,268.23,366.50,271.63,206.47,171.35,126.45,
478.63,1039.63,298.85,210.04,198.24,244.62,245.04,268.30,366.62,272.12,206.09,171.16,126.37,
479.05,1042.31,298.91,210.10,198.90,244.45,245.01,268.45,366.78,272.20,205.99,171.43,126.09,
479.47,1045.39,300.01,210.65,199.33,244.96,245.51,269.41,367.71,272.76,206.46,172.01,126.32,
479.89,1046.15,300.30,211.05,198.64,245.01,245.15,269.08,368.08,273.29,206.56,171.76,126.79,
480.31,1044.20,299.88,210.56,198.26,244.60,244.46,268.51,367.61,272.80,206.48,171.18,126.17,
480.74,1044.57,299.98,210.82,198.03,244.52,244.52,268.40,367.74,272.50,206.51,170.83,125.90,
481.16,1045.85,300.33,211.20,198.04,245.13,244.49,268.60,368.12,273.01,206.50,171.08,125.41,
481.58,1043.16,299.23,210.09,197.18,243.78,243.63,267.90,366.52,271.68,205.31,170.56,125.03,
482.00,1039.61,297.94,208.96,196.22,242.46,242.53,267.02,365.16,270.17,204.45,170.09,124.56,
482.42,1036.72,296.58,208.10,195.37,241.76,242.05,265.43,363.98,269.10,203.93,169.62,123.94,
482.84,1031.98,294.49,206.54,194.54,240.15,240.80,263.56,361.77,267.97,202.49,168.60,123.29,
483.26,1025.75,292.30,204.93,193.27,237.89,238.62,261.65,359.67,266.00,201.38,167.12,122.64,
483.68,1018.67,290.66,203.52,192.18,236.22,236.95,259.85,357.31,264.42,200.46,165.65,121.38,
484.10,1010.20,288.69,201.75,190.81,234.86,235.23,257.40,354.55,263.02,198.83,164.04,119.98,
484.52,1004.10,286.50,200.24,189.56,232.91,233.06,255.43,351.78,260.99,197.17,163.17,118.21,
484.94,1000.17,285.19,198.97,188.34,231.38,231.30,254.18,349.78,259.23,196.19,162.46,117.45,
485.36,995.63,284.04,198.13,186.66,230.35,229.69,252.78,348.61,258.59,195.34,161.51,117.23,
485.78,990.93,282.10,197.12,185.20,228.76,227.95,250.76,346.63,257.09,194.32,160.77,116.55,
486.20,988.73,281.19,196.60,185.10,228.02,227.28,249.85,345.64,255.97,193.95,160.10,115.93,
486.62,989.40,281.32,197.03,185.18,228.14,227.32,249.91,345.84,256.21,193.84,160.29,115.85,
487.04,989.46,281.51,196.82,185.08,228.09,227.13,250.01,345.49,256.48,193.47,160.48,115.38,
487.46,990.67,281.22,196.31,184.78,227.72,226.82,249.89,344.92,255.84,193.04,160.59,115.49,
487.88,993.19,281.52,196.66,185.39,228.60,227.11,250.10,345.85,256.74,193.38,160.98,115.38,
488.30,997.00,282.34,196.89,185.96,228.87,227.75,250.29,346.82,257.63,193.82,161.47,115.86,
488.72,1000.88,283.34,197.70,186.44,229.15,227.57,250.99,348.26,258.27,194.62,161.52,116.34,
489.14,1004.77,284.55,198.70,187.20,230.05,228.24,252.00,349.81,259.14,195.92,161.79,116.60,
489.56,1008.47,286.24,199.62,188.16,231.13,229.02,252.69,350.84,260.91,196.53,162.00,116.62,
489.98,1014.45,287.99,200.66,188.94,232.26,230.52,253.81,352.25,262.13,197.26,163.08,116.74,
490.40,1019.89,288.44,200.91,189.64,232.46,231.02,255.30,353.57,262.57,197.74,163.85,117.10,
490.82,1025.98,289.82,201.86,190.11,233.48,232.12,256.31,355.49,263.74,198.90,164.40,118.29,
491.24,1030.30,290.73,202.87,190.48,234.56,233.04,256.68,356.94,265.04,199.60,165.47,118.73,
491.66,1032.84,291.17,203.45,191.20,234.64,233.35,257.09,357.67,265.15,200.10,165.41,118.77,
492.08,1038.65,292.82,204.63,192.71,235.73,234.67,258.28,360.06,266.45,201.35,165.82,118.98,
492.50,1042.98,293.90,205.34,193.22,236.39,235.55,258.86,360.91,267.67,201.81,166.16,119.31,
492.92,1043.29,293.80,204.74,193.00,236.37,235.45,258.48,360.89,267.85,201.52,166.21,119.15,
493.34,1046.58,294.01,204.47,193.62,236.39,235.93,258.63,361.40,267.70,201.55,166.47,119.16,
493.76,1049.14,294.66,204.62,193.51,236.56,236.25,258.94,361.86,268.27,202.00,166.50,119.44,
494.18,1050.95,294.74,204.89,192.83,236.21,235.82,258.55,362.24,268.53,202.34,166.23,119.77,
494.60,1048.75,294.46,204.92,192.78,235.85,235.08,258.27,361.82,268.33,202.68,165.71,119.39,
495.02,1047.70,294.82,205.01,192.78,235.98,235.05,257.97,361.48,268.57,202.77,165.29,118.92,
495.44,1048.88,295.07,205.82,192.70,236.32,235.39,258.36,361.50,268.99,202.71,165.62,118.66,
495.86,1049.15,294.37,205.25,192.21,235.60,235.29,258.42,361.13,268.21,202.30,165.74,118.46,
496.28,1048.83,293.98,204.84,191.64,235.51,234.65,258.26,360.99,267.89,201.88,165.78,118.57,
496.70,1049.58,294.08,205.21,191.51,236.02,235.25,258.05,361.00,267.93,202.17,166.45,118.67,
497.12,1047.37,293.33,204.61,191.22,234.96,234.81,257.45,360.50,267.49,201.11,166.08,118.38,
497.54,1046.91,292.92,204.36,191.44,234.48,234.25,257.13,360.32,266.62,201.02,165.37,118.37,
497.95,1043.89,292.19,203.45,190.77,234.17,233.63,256.41,359.07,266.13,200.73,164.95,117.59,
498.37,1039.05,290.90,202.11,189.77,233.07,232.76,254.96,357.18,265.36,199.47,164.00,116.96,
498.79,1035.39,289.41,200.81,189.05,231.92,231.69,253.82,355.34,263.88,198.33,163.74,115.77,
499.21,1033.13,288.81,199.87,188.37,231.06,230.67,253.53,353.73,262.56,197.94,163.12,115.41,
499.63,1028.56,287.77,199.25,186.64,229.86,229.01,251.93,351.98,261.93,197.25,162.11,115.12,
500.05,1021.82,285.98,198.37,185.69,228.31,227.70,249.93,350.22,260.32,196.31,160.86,114.19,
500.47,1018.68,285.35,197.81,185.35,227.52,227.22,248.95,348.96,259.13,195.68,159.96,113.46,
500.89,1018.63,285.11,197.67,185.18,227.35,227.04,248.54,348.48,258.84,194.94,159.59,112.80,
501.31,1018.31,284.30,196.96,184.76,226.63,226.40,248.31,347.54,258.25,194.17,159.77,112.33,
501.73,1017.83,283.73,195.98,184.10,226.03,225.58,247.48,346.59,257.42,193.51,159.36,112.04,
502.15,1018.54,283.49,195.80,183.85,226.24,225.72,246.96,346.53,257.21,193.42,159.49,111.90,
502.57,1018.81,283.06,195.51,183.79,225.43,225.58,246.28,346.21,257.19,193.00,159.18,112.01,
502.99,1020.72,282.96,195.56,183.79,225.30,225.08,246.05,346.76,257.02,193.00,158.80,112.17,
503.41,1022.01,283.18,195.71,183.98,225.47,225.18,245.89,346.46,256.97,193.61,158.57,111.87,
503.83,1021.63,283.77,195.64,183.87,225.64,225.50,245.52,346.50,257.72,193.34,158.39,111.46,
504.25,1023.81,284.04,196.02,184.14,225.66,225.81,245.86,346.46,257.87,193.10,158.83,111.13,
504.67,1025.46,284.24,196.02,183.91,225.78,225.43,246.60,346.51,257.86,192.99,158.94,111.24,
505.08,1028.76,285.10,196.44,184.02,226.09,225.67,247.01,347.74,258.66,193.79,159.19,111.82,
505.50,1029.73,285.28,197.00,184.01,226.15,225.67,246.73,348.27,258.89,194.10,159.42,111.76,
505.92,1030.18,285.45,197.49,184.42,226.22,226.01,246.81,348.80,258.71,194.20,159.25,111.71,
506.34,1034.64,286.51,198.37,185.32,227.11,226.70,247.97,350.11,259.66,194.83,160.04,111.86,
506.76,1036.51,287.09,198.80,185.57,227.76,227.28,248.88,350.54,260.29,195.08,160.72,111.99,
507.18,1038.88,287.27,198.66,185.46,228.02,227.48,249.13,351.14,260.52,195.31,161.26,112.33,
507.60,1042.60,287.69,198.89,185.68,228.75,228.09,249.69,351.90,260.89,195.62,161.48,112.28,
508.02,1044.29,288.08,198.76,185.88,228.85,228.52,249.63,352.50,261.45,195.64,161.71,112.63,
508.44,1046.90,288.54,199.44,186.00,228.85,227.99,249.92,353.85,261.91,196.13,161.75,113.00,
508.86,1047.21,288.70,199.73,186.33,228.80,228.07,249.87,354.16,262.02,196.63,161.36,112.61,
509.28,1046.27,288.90,199.55,186.49,228.92,228.06,249.71,353.51,262.64,196.65,160.95,112.05,
509.70,1047.42,289.27,200.16,186.61,229.25,227.86,249.87,353.92,263.23,196.79,161.29,111.91,
510.11,1047.38,288.94,199.68,186.25,228.66,227.34,250.23,353.38,262.67,196.57,161.31,111.82,
510.53,1048.20,288.97,199.51,186.03,228.60,227.14,249.99,353.66,262.41,196.79,161.12,112.24,
510.95,1048.68,288.97,199.82,186.06,229.07,227.40,249.37,353.69,262.66,197.01,161.35,112.20,
511.37,1047.08,288.35,199.89,185.86,228.41,226.87,248.88,353.32,262.04,196.46,160.89,111.96,
511.79,1047.90,288.02,200.08,185.96,228.41,226.65,248.82,353.32,261.73,196.36,160.47,111.87,
512.21,1048.00,287.95,199.78,185.94,228.62,226.71,248.94,352.93,261.90,196.58,160.58,111.62,
512.63,1044.83,286.82,198.70,185.30,227.75,226.03,247.74,351.58,261.13,195.68,159.96,111.20,
513.05,1041.99,285.40,197.44,184.92,226.62,224.68,246.40,350.41,259.81,194.60,159.26,110.23,
513.47,1038.73,284.48,196.52,183.89,225.54,223.65,245.35,348.73,258.53,193.59,158.36,110.01,
513.88,1032.75,282.90,195.30,182.37,223.77,221.88,243.46,347.08,257.31,192.42,157.20,109.60,
514.30,1024.81,280.78,194.07,181.34,221.94,219.89,241.39,344.57,255.32,191.10,155.67,108.42,
514.72,1017.17,278.99,192.71,180.46,220.57,218.57,239.52,341.75,253.98,189.79,154.45,107.22,
515.14,1010.97,277.81,191.81,179.38,219.62,217.39,238.37,339.44,252.59,188.44,153.81,106.47,
515.56,1006.89,276.37,190.52,178.43,218.17,215.86,237.50,337.90,250.82,187.19,153.24,105.76,
515.98,1002.77,274.74,189.08,177.28,217.20,214.87,236.06,336.28,249.10,186.02,152.45,105.47,
516.40,1001.26,273.88,188.73,176.76,216.99,214.64,234.90,335.54,248.48,185.57,152.32,105.26,
516.82,999.24,273.01,188.07,176.32,215.91,213.92,234.01,334.77,247.90,184.67,151.80,104.89,
517.23,999.59,272.25,187.74,175.93,215.37,213.21,233.56,334.78,247.30,184.32,151.20,105.01,
517.65,998.23,272.04,187.33,176.06,215.32,213.08,233.01,334.06,247.11,184.57,150.91,104.64,
518.07,997.46,272.22,186.88,176.08,215.48,213.23,232.52,334.14,247.83,184.41,150.78,104.25,
518.49,998.47,272.44,186.62,176.53,215.10,212.77,232.66,334.22,247.80,183.99,150.91,103.67,
518.91,1001.67,272.91,186.79,176.49,215.47,212.97,233.33,334.75,248.01,184.29,151.06,103.76,
519.33,1005.07,273.95,187.63,176.45,216.00,213.26,233.56,335.78,249.23,185.04,151.27,104.50,
519.75,1007.27,274.68,188.41,176.74,216.71,213.58,233.80,337.00,250.12,185.89,151.72,104.50,
520.17,1010.13,275.44,189.41,177.63,217.55,214.26,234.75,337.83,250.81,186.58,151.86,104.38,
520.58,1016.87,277.24,191.15,178.70,219.13,215.67,236.43,339.73,252.57,187.77,152.80,104.92,
521.00,1023.31,278.80,192.17,179.36,219.94,216.77,237.83,341.36,253.65,188.54,153.82,105.30,
521.42,1029.32,279.93,192.60,179.91,220.99,217.50,239.08,343.51,254.55,189.12,154.77,105.81,
521.84,1035.58,281.18,193.48,180.75,222.30,219.19,240.32,345.49,256.01,190.07,155.97,106.49,
522.26,1039.85,282.67,193.93,181.30,222.79,220.06,240.88,347.01,257.10,190.58,156.19,107.07,
522.68,1043.22,283.19,194.30,181.47,223.23,219.86,241.36,348.17,257.31,191.01,156.06,107.27,
523.09,1043.84,283.40,194.36,181.83,223.26,219.97,241.74,348.24,257.40,191.62,156.07,106.89,
523.51,1042.19,284.07,194.22,182.21,223.05,220.06,241.27,347.68,258.23,191.87,155.58,106.18,
523.93,1044.38,284.31,194.69,182.00,223.14,220.23,241.67,347.60,257.98,191.54,155.91,105.62,
524.35,1044.25,283.86,194.13,181.27,222.23,219.46,241.88,346.68,257.11,190.74,155.70,105.51,
524.77,1044.15,283.50,194.04,180.59,222.04,219.35,241.10,346.55,257.00,190.79,155.75,106.00,
525.19,1043.17,283.36,194.29,180.27,221.95,219.65,240.65,346.43,257.05,190.96,156.02,105.86,
525.60,1043.51,283.19,194.61,180.49,221.60,219.46,240.73,346.29,256.60,190.80,155.56,105.56,
526.02,1045.98,283.44,195.03,181.50,221.77,219.78,240.95,346.78,257.02,190.89,155.33,105.67,
526.44,1049.88,284.57,195.60,182.10,222.28,220.44,241.60,347.43,257.58,192.16,156.22,105.75,
526.86,1052.56,284.95,195.54,182.18,222.44,220.76,241.97,348.02,257.82,192.18,156.88,105.98,
527.28,1054.99,285.10,195.49,182.66,222.98,221.06,241.90,348.58,257.93,192.20,157.18,105.96,
527.70,1058.49,285.69,195.71,182.78,222.87,221.26,242.07,348.76,258.54,192.42,157.07,106.45,
528.11,1059.48,285.77,196.22,182.23,222.59,220.34,241.80,349.19,258.60,192.68,156.59,106.51,
528.53,1058.73,285.14,196.49,182.44,222.18,219.86,241.70,348.73,258.40,192.88,156.26,105.91,
528.95,1057.92,285.62,197.11,182.96,222.36,220.18,241.41,348.65,259.50,193.17,155.87,105.47,
529.37,1061.13,286.62,198.28,183.37,223.11,220.69,241.65,349.41,260.51,193.04,156.21,105.27,
529.79,1063.63,286.65,198.17,183.25,223.33,220.75,242.69,349.88,260.11,192.76,156.63,105.33,
530.21,1065.47,287.06,197.88,183.36,223.14,220.72,242.75,350.57,260.35,193.12,156.64,105.96,
530.62,1068.12,287.66,198.43,183.72,224.29,221.71,242.72,351.35,260.91,193.82,157.29,106.04,
531.04,1069.35,287.86,198.89,184.08,224.23,221.80,243.01,352.05,260.98,193.55,157.04,106.13,
531.46,1072.78,288.32,199.32,184.65,224.44,221.53,243.25,353.08,261.08,194.05,156.92,106.43,
531.88,1074.07,288.66,199.23,184.95,224.96,222.12,243.54,353.10,261.48,194.53,157.36,106.15,
532.30,1076.13,288.81,198.77,184.55,225.10,222.26,243.38,353.50,261.67,194.46,157.65,105.89,
532.71,1076.95,288.73,198.15,184.33,224.58,221.90,243.20,353.45,261.49,193.76,157.58,105.70,
533.13,1077.46,289.03,197.46,184.03,224.32,221.56,242.80,353.33,261.52,193.80,157.42,105.81,
533.55,1077.98,289.47,197.57,183.30,224.24,221.22,242.59,353.48,261.99,193.99,157.05,106.17,
533.97,1075.36,288.94,197.54,183.28,224.12,220.78,241.89,353.18,261.71,194.20,156.62,105.82,
534.39,1073.07,288.82,197.41,183.47,223.58,220.65,241.36,352.26,261.42,194.23,156.07,105.27,
534.80,1074.09,289.10,197.77,184.04,224.02,220.91,241.59,352.21,261.95,194.42,156.32,104.98,
535.22,1075.47,288.97,197.26,183.68,223.60,220.90,242.01,351.97,261.24,193.90,157.00,104.81,
535.64,1074.96,288.10,196.59,182.85,223.25,220.64,242.06,351.48,260.22,193.65,157.09,105.00,
536.06,1075.05,288.18,196.63,182.62,223.65,220.62,241.34,351.32,260.09,193.76,157.48,105.23,
536.48,1074.48,287.90,196.28,182.58,223.34,220.47,240.90,351.54,260.17,193.16,157.65,105.32,
536.89,1075.25,287.47,196.49,182.04,222.77,219.32,241.08,351.68,259.72,193.21,157.24,105.60,
537.31,1072.17,286.82,195.89,181.69,222.31,218.78,240.20,350.50,259.57,193.34,156.83,105.04,
537.73,1068.66,286.21,195.13,181.58,222.07,218.37,239.23,349.20,259.84,192.58,156.12,104.38,
538.15,1066.80,285.63,194.61,181.13,221.66,217.72,238.68,348.36,259.24,191.98,156.30,103.68,
538.56,1063.96,284.87,194.08,180.35,220.81,216.78,238.00,346.96,258.31,191.37,155.51,103.54,
538.98,1060.78,284.22,194.09,179.85,220.35,216.31,237.22,346.12,257.72,191.04,154.91,103.46,
539.40,1057.47,283.23,193.92,179.43,219.60,216.23,236.47,345.53,256.64,190.79,154.49,103.05,
539.82,1054.31,282.16,193.79,179.47,219.30,215.35,236.00,344.54,255.58,190.33,153.55,102.28,
540.24,1055.15,282.17,193.88,179.54,219.27,215.40,236.09,344.08,255.54,190.17,153.41,101.81,
540.65,1056.66,282.30,193.82,179.44,219.35,215.71,236.61,344.18,255.28,190.18,153.91,101.54,
541.07,1056.69,282.14,193.44,178.64,219.32,215.35,236.43,344.14,254.70,189.47,154.01,101.60,
541.49,1056.47,282.00,192.97,178.57,219.45,215.22,236.08,344.14,254.53,189.49,154.16,101.70,
541.91,1058.17,282.62,192.81,178.63,219.26,215.61,235.60,344.57,254.92,189.49,153.92,102.00,
542.32,1059.80,282.20,193.17,178.23,218.97,214.90,235.65,345.42,254.82,189.68,153.50,102.14,
542.74,1058.77,282.17,192.81,178.22,219.01,214.36,235.50,344.92,254.82,189.83,152.94,101.63,
543.16,1056.81,282.18,192.71,178.61,218.99,214.68,234.58,344.45,255.72,189.80,152.49,101.08,
543.58,1060.31,282.75,193.57,179.11,219.42,215.43,235.21,344.92,256.15,189.75,153.01,100.65,
543.99,1062.66,282.99,193.40,179.26,219.10,215.36,235.99,345.21,255.45,189.41,153.39,100.57,
544.41,1063.91,283.21,193.11,178.79,219.15,215.24,235.70,345.53,255.34,189.19,153.00,101.25,
544.83,1064.02,283.35,193.43,178.84,219.43,216.10,236.01,346.10,255.85,189.76,153.84,101.01,
545.25,1066.20,283.01,193.79,179.19,219.50,216.24,236.19,346.44,255.64,189.62,153.82,100.90,
545.66,1068.64,283.33,194.04,179.83,219.96,216.03,236.43,346.95,256.16,189.78,153.49,100.74,
546.08,1070.03,283.92,194.11,179.70,220.08,216.56,237.09,346.92,256.61,190.51,154.06,100.87,
546.50,1071.84,283.70,193.89,179.70,219.99,216.55,237.28,347.24,256.50,190.36,154.44,100.97,
546.92,1073.12,283.65,193.58,180.05,219.88,216.43,237.27,347.25,256.34,190.13,154.43,100.74,
547.33,1074.51,283.95,193.23,179.85,219.74,216.46,237.08,347.16,256.60,190.03,154.26,101.33,
547.75,1076.67,283.88,193.58,179.25,219.38,215.92,236.66,347.54,256.90,190.21,154.04,101.43,
548.17,1075.00,283.38,193.67,179.50,218.96,215.34,236.67,347.20,256.65,190.30,153.62,101.01,
548.59,1072.81,283.13,193.56,179.98,218.78,215.49,236.07,345.96,256.82,190.19,152.83,100.53,
549.00,1074.29,283.43,194.59,180.55,219.30,216.00,236.05,346.04,257.37,190.19,153.31,100.34,
549.42,1077.64,283.73,194.29,180.39,219.05,216.33,237.27,346.20,257.02,189.97,153.60,100.45,
549.84,1077.33,283.42,193.81,179.82,218.81,215.76,237.30,346.24,256.37,189.82,153.70,100.72,
550.26,1077.91,283.68,193.96,179.52,219.79,216.56,237.03,346.80,257.00,189.97,154.37,101.10,
550.67,1078.80,283.93,194.43,179.95,219.46,216.91,237.18,347.55,257.28,189.83,154.14,100.92,
551.09,1081.73,283.97,194.86,180.27,219.67,216.09,237.24,348.35,257.45,189.91,153.58,101.22,
551.51,1080.17,284.18,194.46,180.30,219.36,215.78,236.93,348.06,257.57,190.36,153.60,101.07,
551.93,1081.05,284.15,194.33,180.15,219.29,215.78,236.46,347.90,257.74,190.40,154.17,100.84,
552.34,1082.26,284.15,193.94,180.42,219.28,215.42,236.14,347.91,257.71,189.92,154.40,100.48,
552.76,1080.73,283.77,193.29,179.77,218.89,214.69,235.32,346.86,257.24,189.44,153.91,100.41,
553.18,1079.83,283.58,192.94,178.96,218.67,214.04,234.53,346.78,257.34,189.51,153.58,100.42,
553.59,1076.83,282.84,192.85,178.61,217.98,213.69,233.68,346.06,256.84,189.42,152.96,100.11,
554.01,1071.96,281.97,192.73,178.65,217.61,213.15,232.80,345.04,256.14,188.86,152.14,99.28,
554.43,1070.12,281.72,192.69,178.50,217.55,212.90,232.35,344.60,255.74,188.56,151.92,98.67,
554.85,1070.26,281.81,192.27,178.04,217.03,212.54,232.56,344.35,254.90,188.30,152.51,98.42,
555.26,1069.30,281.03,191.61,176.84,216.58,211.74,232.22,343.66,253.81,187.47,152.13,98.23,
555.68,1066.11,280.23,190.97,176.52,216.68,211.23,230.97,343.34,253.04,187.25,152.02,97.74,
556.10,1064.90,279.95,190.31,176.33,215.67,210.81,229.92,343.01,252.68,186.57,151.66,97.80,
556.51,1064.15,278.99,190.43,175.55,214.79,208.96,229.32,342.32,251.59,186.52,150.76,97.87,
556.93,1060.66,277.68,189.38,174.86,214.26,208.00,228.27,340.84,250.71,186.34,149.98,97.17,
557.35,1055.55,276.92,188.42,174.48,213.42,207.50,227.01,339.29,250.18,185.81,149.22,96.43,
557.77,1054.99,276.53,188.46,174.22,212.92,207.24,226.64,338.47,249.53,185.05,149.32,95.93,
558.18,1051.72,275.56,187.35,173.36,212.09,206.41,226.26,336.85,248.81,183.68,148.62,95.64,
558.60,1048.23,274.80,186.85,172.23,211.00,206.10,225.44,336.15,248.11,183.00,147.73,95.74,
559.02,1047.53,274.37,187.01,172.18,210.52,206.48,224.81,336.30,247.88,182.80,147.71,95.70,
559.43,1045.43,274.01,187.03,172.01,210.49,206.45,224.81,335.68,246.86,182.03,146.89,95.49,
559.85,1045.53,273.64,187.27,172.22,210.60,206.02,225.04,335.71,246.88,182.08,146.86,94.91,
560.27,1047.48,273.88,186.97,172.49,210.38,206.32,225.75,335.35,246.94,182.47,147.14,94.86,
560.68,1049.23,273.95,186.83,172.13,210.38,206.66,225.78,335.40,246.95,182.13,147.60,94.92,
561.10,1050.00,273.61,186.49,171.76,210.62,206.45,225.44,335.27,247.00,181.61,147.63,94.75,
561.52,1049.76,273.42,185.69,171.64,209.86,206.58,225.06,334.75,247.46,181.78,147.38,94.93,
561.93,1051.55,273.38,186.08,171.12,209.42,205.95,224.83,334.93,247.45,181.72,147.07,95.49,
562.35,1050.42,272.92,186.02,170.78,209.37,205.45,224.61,334.42,247.43,181.92,146.27,95.19,
562.77,1046.10,272.66,185.49,170.95,209.13,205.38,223.50,333.33,247.94,181.47,145.61,94.31,
563.19,1046.99,272.78,185.94,171.44,209.04,205.55,223.81,332.85,247.89,181.29,145.92,93.73,
563.60,1047.61,272.55,185.44,170.99,208.67,205.53,224.46,332.20,247.07,180.41,145.96,93.48,
564.02,1046.26,272.03,184.91,170.19,208.44,205.30,223.62,331.57,246.70,179.98,145.49,93.67,
564.44,1045.40,272.08,185.08,170.13,208.40,205.52,223.17,331.88,246.32,180.12,145.90,93.57,
564.85,1045.68,271.59,184.98,170.52,208.37,205.12,222.82,331.84,245.76,179.65,145.60,93.21,
565.27,1044.09,271.39,184.70,170.31,208.14,204.16,222.35,331.48,245.33,179.45,145.06,93.03,
565.69,1042.47,270.65,184.06,170.10,207.91,203.46,221.69,330.13,244.90,179.62,145.07,92.48,
566.10,1040.91,270.21,183.08,169.53,207.55,203.18,220.64,329.24,244.56,178.72,145.06,92.22,
566.52,1040.84,269.63,182.46,168.96,207.44,202.52,220.30,328.44,243.64,177.99,145.16,91.82,
566.94,1038.44,268.61,180.90,167.94,206.09,201.16,219.05,326.66,242.78,177.16,144.21,91.73,
567.35,1036.36,268.19,180.75,167.48,205.17,200.23,217.79,325.91,242.12,177.00,143.15,91.38,
567.77,1034.50,267.59,180.75,167.19,204.75,199.71,217.02,325.49,240.93,176.71,142.36,90.78,
568.19,1029.61,266.74,180.30,167.10,203.95,198.82,215.59,323.48,240.07,176.27,141.25,89.83,
568.60,1028.08,266.50,180.39,167.34,203.92,198.68,215.22,322.46,239.85,175.61,141.06,89.05,
569.02,1029.68,266.41,179.94,167.22,203.36,198.84,215.98,322.27,239.12,175.52,141.41,88.68,
569.44,1029.30,266.11,179.31,166.39,203.04,198.24,215.51,321.78,238.41,174.88,141.18,89.01,
569.85,1028.72,265.84,179.33,165.91,203.01,198.11,214.67,321.92,238.08,174.79,141.57,89.29,
570.27,1029.18,265.79,179.11,165.84,202.59,197.95,214.47,322.40,237.76,174.28,141.25,89.09,
570.69,1030.71,265.28,179.36,165.60,202.42,196.94,214.14,322.37,237.48,173.97,140.59,89.45,
571.10,1028.16,264.66,178.70,164.93,202.24,196.38,213.68,321.12,237.12,174.24,140.19,89.12,
571.52,1026.79,264.12,177.91,164.58,201.96,196.27,212.86,320.04,236.90,174.00,139.89,88.54,
571.93,1027.24,264.31,177.61,164.90,201.43,196.48,212.92,319.99,237.03,173.50,139.95,88.01,
572.35,1026.72,263.66,176.77,164.24,200.81,196.04,212.50,319.12,236.44,173.12,139.55,88.01,
572.77,1025.12,263.47,176.64,163.91,200.53,195.84,211.58,319.01,236.40,172.99,138.71,88.23,
573.18,1024.50,263.21,177.57,164.33,200.67,196.54,211.47,319.37,236.73,173.16,138.51,88.18,
573.60,1023.29,262.82,177.44,164.65,200.76,196.71,211.66,319.14,236.21,172.92,138.41,87.92,
574.02,1022.78,262.56,177.46,164.64,201.21,196.40,211.67,319.20,236.55,173.13,138.44,87.65,
574.43,1024.15,262.74,177.55,164.79,201.10,196.84,212.82,319.46,236.83,173.02,139.36,87.55,
574.85,1025.36,262.72,177.48,164.40,201.28,196.92,213.04,319.98,236.55,172.74,140.03,88.08,
575.27,1024.91,262.67,177.11,163.82,201.71,196.48,212.44,320.03,236.46,172.46,140.36,88.32,
575.68,1024.65,262.36,176.52,163.39,201.17,196.22,212.02,319.93,236.86,172.34,140.08,88.59,
576.10,1025.79,262.38,177.02,163.19,201.25,195.24,212.12,320.18,236.82,172.63,139.35,88.80,
576.52,1025.46,262.07,176.65,163.01,201.28,194.88,211.96,319.62,236.97,172.93,138.96,88.37,
576.93,1021.89,262.12,175.86,163.16,200.89,194.97,211.40,318.77,237.48,173.09,138.32,87.79,
577.35,1024.96,262.66,176.64,163.99,201.06,195.41,211.60,319.36,237.94,173.00,138.90,87.36,
577.76,1027.13,263.21,176.63,164.15,201.30,195.92,212.82,319.94,238.16,172.79,139.09,87.45,
578.18,1029.78,263.32,176.86,163.98,201.68,196.10,212.64,320.74,238.51,173.21,139.36,88.19,
578.60,1032.44,264.14,178.12,164.44,202.11,197.00,213.18,321.75,239.10,173.98,140.07,88.24,
579.01,1035.10,264.77,178.89,164.71,202.44,197.42,214.11,322.66,239.30,174.16,140.30,88.19,
579.43,1038.82,265.65,179.16,165.25,203.32,196.94,214.82,324.21,240.04,175.01,140.70,88.32,
579.85,1041.34,266.27,179.10,165.65,203.77,197.58,215.57,324.81,240.63,176.00,141.36,88.53,
580.26,1045.31,267.24,179.39,165.81,204.21,198.30,216.33,325.71,241.45,176.00,142.15,88.73,
580.68,1049.87,267.76,179.48,165.88,205.12,198.80,216.48,326.71,241.83,176.18,142.77,88.96,
581.09,1052.54,268.40,179.16,165.94,204.72,198.99,216.49,326.82,242.34,176.34,142.80,89.43,
581.51,1056.18,268.63,179.74,165.81,204.86,199.21,216.74,327.64,242.64,177.11,142.84,89.97,
581.93,1056.90,268.98,180.49,166.16,205.34,199.69,216.84,328.42,243.15,177.56,142.48,89.56,
582.34,1054.66,269.09,180.37,166.72,205.62,199.96,216.34,328.37,243.93,177.44,142.15,89.11,
582.76,1054.23,269.60,181.10,167.43,205.72,200.54,216.46,328.31,244.30,177.49,142.42,88.89,
583.17,1056.04,269.76,181.15,167.34,205.72,200.83,217.38,328.32,243.72,177.43,143.06,88.71,
583.59,1056.05,269.45,180.52,166.50,205.23,200.62,216.99,328.29,243.18,176.79,143.16,89.23,
584.01,1051.71,268.36,180.28,165.66,204.70,199.90,215.59,327.70,242.46,176.16,143.20,89.16,
584.42,1048.93,266.88,180.11,165.27,203.89,199.27,214.80,327.21,241.62,175.40,142.28,88.73,
584.84,1045.91,265.95,179.47,164.22,203.18,197.37,214.00,326.47,240.47,174.84,141.39,88.55,
585.25,1039.13,264.08,178.05,163.68,202.07,196.16,212.60,324.21,238.98,174.02,140.65,87.89,
585.67,1031.50,262.52,176.79,162.79,200.63,195.21,210.39,321.45,237.69,172.65,139.64,87.11,
586.09,1025.68,260.71,175.32,161.60,199.21,193.88,208.99,319.06,235.74,170.98,138.80,86.08,
586.50,1017.60,258.59,173.25,160.01,197.25,192.01,206.83,315.87,233.60,169.49,137.69,85.64,
586.92,1009.20,256.60,172.09,158.84,195.42,190.37,204.51,313.73,231.99,168.23,135.81,85.30,
587.33,1001.72,254.20,171.51,157.86,194.36,189.51,202.67,311.47,230.46,167.46,134.12,84.37,
587.75,993.88,252.50,170.48,157.32,192.94,188.09,201.25,309.10,228.66,166.42,132.58,83.21,
588.17,988.98,251.34,169.61,157.03,192.20,187.25,200.12,307.12,227.57,165.55,132.06,82.53,
588.58,985.97,250.25,168.65,156.64,190.89,186.92,199.82,305.25,226.33,165.58,132.02,82.09,
589.00,984.11,248.59,167.61,154.89,190.17,185.69,199.01,304.13,224.74,164.33,131.55,81.97,
589.41,981.71,247.50,167.16,154.23,190.13,184.76,197.68,303.68,224.13,163.58,131.26,82.04,
589.83,978.60,246.79,166.75,153.91,189.25,183.87,196.62,302.54,223.50,163.07,130.41,81.83,
590.25,979.75,246.61,166.83,153.47,189.17,183.09,196.65,302.25,223.27,163.24,130.03,82.17,
590.66,977.23,246.80,166.43,153.27,188.96,182.18,196.44,301.35,223.17,163.54,129.63,81.67,
591.08,974.61,246.79,165.89,153.72,188.84,182.45,195.72,300.66,223.95,163.60,128.88,81.20,
591.49,977.00,246.88,166.39,153.50,188.86,182.67,195.85,300.52,224.01,163.39,129.53,80.70,
591.91,979.23,247.14,165.83,153.04,188.50,183.01,196.60,300.79,223.77,163.33,129.87,80.92,
592.32,981.20,247.93,166.32,152.94,188.60,183.10,196.49,301.58,224.46,163.52,129.86,81.51,
592.74,984.48,248.87,167.71,153.72,189.20,184.30,197.00,302.84,225.18,164.41,130.23,81.66,
593.16,987.28,249.02,168.48,154.39,190.06,184.76,197.75,303.58,225.33,164.08,130.10,81.54,
593.57,991.20,250.15,168.83,155.43,191.04,184.74,198.64,305.06,226.05,164.83,130.93,81.62,
593.99,994.12,250.78,169.19,155.98,191.52,185.61,199.53,306.05,226.96,165.59,131.95,81.19,
594.40,998.21,251.29,169.53,155.81,192.08,186.07,200.59,306.80,227.25,165.53,132.76,81.46,
594.82,1003.05,251.74,169.43,155.80,192.99,186.17,200.61,307.78,227.48,165.32,133.34,81.81,
595.23,1005.21,252.71,169.14,156.20,192.61,186.29,200.64,307.88,228.33,165.93,133.43,82.26,
595.65,1007.42,252.69,169.83,156.29,192.81,186.19,200.73,308.67,228.62,166.42,133.12,82.56,
596.07,1008.86,252.82,169.68,156.44,193.15,186.53,201.47,309.38,229.05,166.97,132.68,82.23,
596.48,1008.53,253.07,169.48,157.06,193.34,186.62,200.85,309.10,230.02,167.18,132.60,81.58,
596.90,1011.10,253.92,170.28,157.75,193.65,187.43,201.17,309.57,230.45,167.47,133.38,81.23,
597.31,1015.14,254.21,170.21,157.87,193.80,187.97,202.23,310.11,230.43,167.50,134.28,81.29,
597.73,1018.25,255.00,170.17,158.12,193.96,188.34,202.49,311.02,231.01,167.76,134.33,82.22,
598.14,1019.85,255.16,170.75,158.50,194.13,188.71,202.47,311.58,231.68,168.04,135.01,82.41,
598.56,1022.27,255.39,171.60,159.14,194.61,189.18,203.15,312.56,231.68,168.08,134.93,82.49,
598.97,1025.65,255.52,171.72,159.36,195.23,188.40,203.77,313.60,232.01,168.40,134.94,83.00,
599.39,1026.99,256.01,171.68,159.92,195.20,188.66,204.34,313.70,232.69,169.87,135.69,83.22,
599.81,1028.77,256.31,171.68,159.72,195.30,189.47,204.15,313.91,233.40,170.07,136.10,83.33,
600.22,1032.10,256.73,171.89,159.83,195.81,189.58,204.26,314.43,233.31,169.88,136.61,83.53,
600.64,1032.68,257.30,171.34,159.79,195.44,189.11,203.88,314.35,233.40,169.83,136.49,84.06,
601.05,1033.77,257.87,171.91,159.46,195.51,189.48,203.74,315.20,234.27,170.20,136.36,84.15,
601.47,1034.80,258.05,172.94,159.79,196.02,190.20,204.05,315.86,234.86,170.73,136.30,83.81,
601.88,1034.32,258.43,172.86,160.52,196.03,190.41,204.06,315.81,235.16,170.85,136.14,83.37,
602.30,1035.50,259.11,173.64,161.31,196.72,190.90,204.44,315.79,235.84,171.24,136.93,82.96,
602.71,1037.90,259.61,174.11,161.37,196.79,191.67,205.72,316.61,235.73,171.60,137.38,83.09,
603.13,1040.71,259.83,174.12,161.07,196.90,191.68,206.44,317.03,235.54,171.11,137.49,83.60,
603.54,1040.43,259.79,174.33,160.89,198.01,192.09,206.13,317.37,235.62,170.92,137.82,83.86,
603.96,1039.84,259.67,174.92,160.98,198.19,192.07,205.91,317.84,235.40,170.81,137.51,83.85,
604.37,1043.51,260.04,175.53,161.08,198.82,191.39,206.34,319.15,235.65,171.22,137.19,84.00,
604.79,1043.21,259.97,175.15,161.02,199.02,191.10,206.03,318.63,235.71,171.85,137.36,83.92,
605.21,1041.40,260.16,174.74,160.91,198.91,191.69,205.52,318.21,236.50,172.14,137.25,83.41,
605.62,1043.51,260.81,175.45,161.10,198.82,191.80,205.54,318.39,236.54,171.74,137.63,82.56,
606.04,1042.52,260.63,174.32,160.49,198.08,191.26,205.80,317.47,235.97,171.11,137.73,82.80,
606.45,1041.49,260.36,174.08,159.94,197.53,191.21,205.14,317.48,236.21,170.97,137.20,83.18,
606.87,1040.11,259.89,174.50,160.06,197.35,191.84,205.07,317.12,236.44,171.39,136.61,82.59,
607.28,1036.82,259.19,174.66,160.14,196.80,191.39,204.71,316.58,235.66,170.66,136.11,82.02,
607.70,1035.34,258.67,174.08,159.97,196.61,191.00,204.72,315.93,235.55,170.58,135.84,82.09,
608.11,1035.80,258.79,173.96,159.84,196.09,190.89,204.91,315.27,235.35,170.96,136.40,81.82,
608.53,1035.67,258.54,173.46,159.03,195.81,190.70,204.83,314.86,234.69,170.56,136.49,82.17,
608.94,1034.95,258.11,173.01,158.88,196.36,190.45,204.28,314.64,234.25,169.80,136.52,82.80,
609.36,1033.13,257.73,172.66,158.43,195.40,190.09,203.22,314.15,234.08,169.85,135.98,83.17,
609.77,1033.40,257.60,172.90,157.87,194.95,188.94,202.67,314.53,233.94,170.00,135.72,82.99,
610.19,1032.04,257.38,172.26,157.54,194.19,188.48,202.60,313.77,233.95,170.15,135.20,83.02,
610.60,1026.55,256.74,171.49,157.68,193.40,188.40,201.41,312.07,234.03,169.69,134.17,82.44,
611.02,1025.61,256.38,171.69,158.17,193.21,188.50,201.32,311.74,234.05,169.28,134.35,81.59,
611.43,1026.46,255.90,171.40,157.59,192.73,188.22,202.04,311.27,233.48,168.40,134.26,81.80,
611.85,1024.52,255.03,170.59,156.88,192.10,187.70,201.30,311.16,233.12,168.19,133.47,82.54,
612.26,1023.25,254.66,170.84,156.74,192.15,187.95,200.95,311.08,232.56,168.04,133.33,82.02,
612.68,1022.18,254.14,171.03,156.83,191.93,187.83,201.04,311.05,231.84,167.23,132.62,81.91,
613.09,1022.53,253.81,170.70,156.80,192.01,187.21,200.81,311.21,231.31,167.00,132.70,82.10,
613.51,1021.50,253.44,169.96,156.86,191.95,187.05,200.55,310.02,231.14,167.56,132.97,81.88,
613.92,1021.75,253.36,169.64,156.84,191.95,186.65,200.55,310.28,230.66,167.34,133.13,81.72,
614.34,1022.31,252.81,169.01,156.31,192.11,186.71,200.31,310.32,230.31,166.51,133.21,82.20,
614.75,1021.79,252.22,168.18,155.89,191.17,186.47,199.66,309.88,230.04,166.18,133.11,82.14,
615.17,1021.52,252.10,168.40,155.51,190.67,185.68,199.46,310.23,230.22,166.30,132.64,81.80,
615.58,1021.41,251.91,168.54,155.66,190.80,185.81,199.49,310.32,230.54,166.54,132.39,81.27,
616.00,1020.19,251.67,168.28,156.21,190.62,185.93,199.40,309.72,231.22,166.68,131.77,80.80,
616.41,1020.77,251.85,168.63,157.06,191.18,186.39,199.36,309.72,231.59,166.74,132.41,80.12,
616.83,1022.84,251.93,168.58,157.11,191.44,186.75,200.63,310.22,231.57,166.89,133.25,80.35,
617.24,1024.30,252.36,168.14,156.56,191.59,186.80,200.87,310.73,231.50,166.84,133.41,80.73,
617.66,1023.81,252.60,168.10,156.63,192.24,187.35,200.32,311.06,231.55,167.10,133.78,80.81,
618.07,1024.58,253.03,168.48,156.81,192.64,187.95,200.33,311.12,231.47,166.99,133.75,80.55,
618.49,1026.35,253.25,168.97,156.79,192.94,186.94,200.63,311.77,231.78,167.47,133.72,81.09,
618.90,1025.56,253.38,168.52,156.94,193.08,186.79,200.77,311.29,232.32,168.62,133.88,80.67,
619.32,1025.03,253.60,168.70,156.81,193.07,186.78,200.46,311.03,233.22,168.90,134.14,80.40,
619.73,1026.70,253.66,169.11,156.82,193.10,187.10,200.59,311.43,232.88,168.41,134.33,80.06,
620.15,1025.54,253.66,168.04,156.15,192.42,186.63,200.21,310.61,232.58,168.04,134.27,80.32,
620.56,1024.07,253.37,168.35,155.86,192.12,186.23,199.42,310.72,232.39,168.05,133.48,80.13,
620.98,1022.41,253.25,168.90,155.81,192.09,186.49,198.98,310.72,232.56,168.50,132.82,79.85,
621.39,1018.68,252.47,168.38,155.70,191.75,185.96,198.34,309.40,231.60,167.98,132.13,79.20,
621.80,1015.78,251.90,168.20,155.61,191.47,185.38,197.96,308.23,231.12,167.80,131.94,78.81,
622.22,1014.54,251.19,167.62,155.53,190.81,185.42,198.11,307.36,229.90,168.02,132.14,78.66,
622.63,1014.20,250.59,166.99,154.69,190.09,184.89,197.89,306.59,228.59,167.09,132.09,78.80,
623.05,1012.65,249.80,166.47,153.66,190.37,184.27,196.88,305.72,227.19,166.27,132.15,78.93,
623.46,1009.31,248.74,166.09,153.08,189.10,183.20,195.71,304.47,226.73,165.69,131.47,78.84,
623.88,1007.70,247.63,166.16,152.24,188.38,181.67,195.08,304.39,225.81,165.36,130.82,78.47,
624.29,1003.75,246.42,165.18,151.67,187.39,180.59,194.30,302.95,225.01,165.08,130.16,78.14,
624.71,997.80,245.17,163.95,151.65,186.56,180.16,192.56,301.09,224.97,164.45,129.24,77.32,
625.12,995.24,244.34,164.06,151.45,185.69,179.38,191.89,299.70,223.82,163.36,129.33,76.38,
625.54,993.68,243.39,162.99,150.68,184.52,178.71,191.83,298.25,222.06,161.79,128.45,76.29,
625.95,990.63,242.60,162.07,149.65,184.00,177.89,190.91,297.49,221.46,161.17,128.11,76.53,
626.37,987.35,241.45,162.40,149.28,183.64,177.73,190.06,296.76,221.21,161.00,127.34,76.04,
626.78,984.91,240.75,162.14,149.50,183.19,177.48,189.81,295.80,219.99,160.03,127.04,75.60,
627.19,982.72,240.06,161.55,149.31,182.61,176.79,189.42,294.62,219.11,159.44,126.95,75.71,
627.61,982.51,239.70,160.83,149.20,182.41,176.69,189.23,293.78,218.83,159.83,127.32,75.45,
628.02,983.00,239.32,160.42,148.86,182.23,176.60,189.06,293.99,218.91,159.41,127.35,75.79,
628.44,983.24,239.07,160.05,148.09,182.57,176.04,188.60,293.77,218.16,158.54,127.38,76.11,
628.85,980.75,239.04,159.29,147.63,181.52,175.69,187.65,293.35,218.22,158.29,126.71,76.03,
629.27,981.44,239.17,159.65,147.57,181.29,174.95,187.53,293.93,218.64,158.84,125.93,76.00,
629.68,981.67,239.13,159.59,147.70,181.33,174.89,187.47,294.10,218.79,158.98,125.55,75.92,
630.10,980.23,239.67,159.07,148.29,181.44,175.39,187.18,293.36,219.62,159.07,125.02,75.66,
630.51,982.97,239.93,159.92,149.22,181.91,175.96,187.36,293.61,220.15,159.21,125.82,75.17,
630.92,986.79,240.18,160.39,149.18,182.31,176.65,188.77,294.22,220.19,159.38,126.15,75.65,
631.34,989.78,240.82,160.25,149.02,182.69,177.33,189.26,295.32,220.60,159.74,126.58,76.74,
631.75,991.49,241.23,160.52,149.29,183.48,178.02,189.14,296.46,221.41,160.32,127.34,76.97,
632.17,995.19,241.50,161.44,150.20,183.81,178.54,189.47,297.67,221.66,160.53,127.43,76.92,
632.58,999.53,242.48,162.29,150.55,184.57,178.80,190.14,299.28,222.03,161.08,128.28,77.86,
633.00,1002.51,243.11,162.14,150.81,185.32,179.04,190.48,299.69,222.97,162.34,129.25,77.93,
633.41,1007.31,243.98,162.69,150.95,185.87,179.39,191.14,300.98,223.84,163.30,129.58,77.95,
633.82,1011.68,244.71,163.81,150.95,186.59,180.11,191.86,302.21,224.36,163.20,130.40,78.26,
634.24,1013.71,245.63,163.18,150.65,186.73,180.76,191.98,302.22,224.52,163.39,131.15,78.71,
634.65,1015.18,246.53,164.08,150.86,186.79,180.94,192.04,303.65,225.64,163.98,131.19,78.71,
635.07,1018.11,247.12,165.15,151.36,187.81,182.17,192.54,304.93,226.58,164.95,131.22,78.65,
635.48,1018.88,247.34,165.23,152.08,188.52,182.70,192.63,304.76,227.37,164.83,131.30,78.20,
635.90,1020.80,248.12,165.51,152.79,189.14,183.73,193.15,305.29,228.09,165.41,131.87,78.10,
636.31,1024.43,248.70,165.96,153.29,189.22,184.33,194.21,305.78,228.04,166.16,132.53,78.14,
636.72,1026.25,249.32,165.55,152.63,189.70,184.63,195.07,306.66,228.06,166.15,132.66,78.90,
637.14,1026.74,249.90,165.74,152.89,190.37,184.93,194.82,307.25,228.24,166.14,133.31,79.11,
637.55,1026.69,249.63,166.06,152.79,189.85,185.04,194.18,307.74,228.39,166.45,133.22,79.05,
637.97,1028.34,249.67,166.45,152.48,190.28,184.42,194.68,308.38,228.28,166.94,132.85,79.32,
638.38,1027.44,249.78,166.04,152.47,190.37,184.16,194.73,307.75,229.14,167.69,132.31,79.38,
638.80,1026.19,249.83,165.75,152.47,190.09,184.12,194.13,307.26,230.01,167.96,131.41,78.79,
639.21,1027.47,250.26,166.36,152.71,190.03,184.02,194.52,307.43,230.12,167.70,131.62,78.17,
639.62,1027.14,250.26,165.42,152.46,189.63,183.77,194.55,306.91,230.02,167.12,131.65,78.41,
640.04,1027.08,250.10,165.23,152.59,189.49,183.50,194.08,306.77,230.33,167.29,131.04,78.68,
640.45,1026.04,249.75,165.95,152.97,189.31,183.56,193.76,307.05,230.38,167.24,130.72,78.24,
640.87,1024.34,249.22,165.75,153.27,189.14,183.54,193.54,306.27,229.59,166.48,130.25,78.06,
641.28,1022.94,248.48,165.32,153.62,188.81,182.73,193.34,305.70,229.62,166.50,130.14,77.90,
641.69,1021.52,248.52,165.38,153.45,188.16,182.60,193.63,305.11,228.88,166.90,130.49,77.76,
642.11,1020.42,247.51,165.09,152.60,187.34,181.93,193.54,304.75,227.74,166.16,130.62,77.72,
642.52,1018.46,246.85,164.56,151.87,187.41,181.46,192.75,304.36,227.06,165.35,131.04,77.99,
642.94,1015.44,246.12,164.20,151.49,186.24,180.62,191.42,303.51,226.42,164.98,130.67,77.78,
643.35,1013.49,245.18,163.80,150.57,185.21,179.49,190.84,303.11,225.65,164.65,129.84,77.63,
643.76,1010.34,244.45,163.14,150.09,184.77,178.54,190.16,301.94,224.92,164.06,129.04,77.27,
644.18,1004.57,243.59,162.48,150.09,184.09,178.10,188.91,300.19,224.89,163.39,128.24,76.63,
644.59,1000.28,242.66,162.13,149.98,183.56,177.64,188.23,298.97,223.53,162.54,128.47,75.52,
645.01,997.13,241.68,161.07,149.31,182.88,176.88,188.23,297.80,222.13,161.39,128.30,75.59,
645.42,993.70,240.41,160.19,148.49,181.83,176.38,186.96,296.91,221.42,160.51,127.50,75.97,
645.83,988.98,239.27,159.73,148.16,181.43,176.05,186.03,295.76,220.73,159.96,127.48,75.58,
646.25,984.44,238.11,159.34,147.59,180.35,175.33,185.44,295.02,219.38,158.80,126.97,75.09,
646.66,982.48,237.33,158.69,146.73,180.11,174.60,185.01,294.63,218.78,158.45,126.47,75.31,
647.07,979.83,236.93,158.08,146.39,179.77,174.16,184.62,293.24,218.47,158.70,126.46,75.08,
647.49,978.27,236.75,157.76,145.70,179.28,173.79,184.55,292.62,217.90,158.37,126.54,75.10,
647.90,977.96,236.09,157.44,145.02,179.34,173.58,184.04,292.38,217.22,157.59,126.53,75.31,
648.32,976.74,236.37,156.96,144.76,178.86,173.29,183.45,291.63,217.40,157.48,126.24,75.43,
648.73,976.16,236.39,157.07,144.56,178.57,172.80,183.06,291.82,217.44,157.59,125.54,75.28,
649.14,976.37,236.24,157.29,144.46,178.78,173.19,183.19,291.83,217.88,157.67,125.13,75.06,
649.56,975.45,236.24,157.14,145.02,178.94,173.29,182.81,291.37,218.16,157.44,125.00,74.78,
649.97,976.79,236.59,157.40,145.65,179.34,173.69,183.13,291.38,218.67,157.85,125.21,74.57,
650.38,978.06,236.85,157.58,145.53,179.14,174.01,183.75,291.58,218.41,157.87,125.67,74.51,
650.80,980.05,236.78,157.48,145.04,179.07,174.01,183.76,291.95,218.38,157.63,125.76,75.05,
651.21,979.52,236.46,157.29,144.98,179.45,174.15,183.41,291.97,218.25,157.59,126.10,75.06,
651.63,978.19,235.95,157.42,145.00,178.91,173.97,183.17,291.79,217.76,157.42,125.91,74.93,
652.04,977.60,235.44,157.33,144.40,178.53,173.49,182.67,291.89,217.17,157.11,125.54,74.87,
652.45,975.31,234.77,156.49,144.10,178.40,172.96,182.41,290.68,216.79,157.32,125.13,74.58,
652.87,971.85,234.08,155.95,144.02,177.69,172.29,181.34,289.26,216.30,156.94,124.72,74.02,
653.28,970.00,233.08,155.92,143.37,176.97,171.53,180.87,288.49,215.32,156.23,124.54,73.25,
653.69,967.13,232.14,154.63,142.76,176.46,170.75,179.93,287.21,214.25,155.17,124.09,73.11,
654.11,963.77,231.54,154.13,142.46,175.60,169.84,179.18,286.62,214.03,155.06,123.39,72.90,
654.52,962.16,230.90,154.04,142.34,175.24,169.90,178.85,286.25,213.71,154.98,123.11,72.39,
654.93,960.45,230.02,153.61,142.27,175.09,169.70,178.81,285.34,213.77,154.24,122.54,71.81,
655.35,959.84,230.33,153.45,142.72,175.07,169.54,178.67,285.35,213.91,154.33,122.69,71.52,
655.76,961.69,230.61,153.66,142.64,175.21,169.94,179.42,285.77,214.17,155.20,123.20,71.52,
656.17,963.56,230.60,153.60,142.37,175.22,169.90,180.06,286.14,214.05,154.99,123.86,71.84,
656.59,966.33,230.89,153.49,142.38,176.03,170.31,180.17,287.08,214.40,155.23,124.31,72.35,
657.00,967.91,231.79,154.19,142.95,175.92,170.72,180.12,288.09,215.18,155.96,124.50,72.65,
657.42,973.10,232.61,155.10,143.12,176.26,170.91,181.02,289.55,216.38,156.89,124.76,73.17,
657.83,976.34,233.84,155.75,143.78,177.53,171.68,181.92,290.92,217.57,157.90,125.01,73.44,
658.24,981.96,235.41,156.85,144.98,178.67,172.74,182.51,292.23,219.70,159.03,125.34,73.67,
658.66,989.11,237.46,158.54,146.42,179.77,173.85,183.75,294.26,221.00,160.04,126.60,73.52,
659.07,996.22,239.16,159.14,146.96,181.19,175.18,185.76,296.06,222.23,160.94,127.42,74.37,
659.48,1003.43,241.06,159.86,147.97,182.45,176.64,186.62,298.76,224.27,161.95,128.01,75.48,
659.90,1010.54,242.57,161.56,148.99,183.67,178.53,187.89,301.10,226.24,163.30,129.26,75.96,
660.31,1015.74,243.32,162.98,150.10,184.85,179.85,188.93,302.89,227.10,163.54,129.63,76.16,
660.72,1020.23,244.30,163.71,150.90,185.86,180.44,189.70,304.88,228.40,164.17,130.05,77.13,
661.14,1024.77,245.79,164.40,151.77,186.44,181.35,190.59,305.81,228.84,165.62,131.24,77.54,
661.55,1028.64,246.15,164.73,151.84,187.01,181.70,191.18,306.62,229.00,165.97,131.84,78.20,
661.96,1030.40,246.61,165.26,151.94,187.53,182.10,191.14,307.12,228.63,165.55,132.34,78.59,
662.38,1031.26,247.24,165.17,151.64,187.29,182.14,190.81,307.66,229.13,165.65,132.10,79.11,
662.79,1034.42,247.73,165.57,151.65,187.58,181.67,190.54,308.16,229.33,165.95,131.73,79.21,
663.20,1035.12,247.59,165.79,151.44,188.12,181.75,190.87,308.02,229.64,166.17,131.30,79.05,
663.62,1032.90,247.75,165.70,152.01,188.36,182.03,190.15,307.42,230.18,165.79,130.95,78.55,
664.03,1034.57,247.83,166.00,152.61,188.28,182.10,190.34,307.28,230.51,166.19,131.36,77.80,
664.44,1035.51,247.80,165.29,152.51,188.07,182.15,191.22,306.79,229.83,165.94,131.86,77.78,
664.85,1035.54,247.63,164.85,152.05,188.06,182.39,191.07,307.03,230.18,165.76,131.68,78.40,
665.27,1035.71,247.45,165.12,152.16,188.06,182.67,190.76,307.56,230.27,165.75,132.28,78.29,
665.68,1035.14,246.98,165.30,152.13,187.85,182.72,190.59,307.54,229.92,165.57,132.07,78.14,
666.09,1034.64,246.89,165.49,151.97,187.86,182.48,190.72,307.66,229.81,165.84,131.68,78.28,
666.51,1034.64,247.14,164.85,151.95,187.84,182.41,190.72,307.21,229.92,166.63,131.76,78.14,
666.92,1035.87,247.27,164.76,151.74,187.73,182.42,190.05,306.64,229.85,166.83,131.84,77.70,
667.33,1035.55,246.91,164.88,151.37,187.69,182.43,189.88,306.13,229.76,166.33,131.79,77.83,
667.75,1035.09,246.67,164.53,151.05,186.99,182.03,189.59,305.24,229.48,165.71,131.42,77.73,
668.16,1036.03,246.54,164.26,150.89,187.00,181.70,189.15,305.32,229.79,165.95,130.99,77.52,
668.57,1036.07,246.13,164.56,151.24,187.01,182.00,188.81,305.02,229.89,165.98,130.81,77.08,
668.99,1033.28,245.48,164.48,151.51,186.77,181.89,188.88,304.56,229.89,165.50,130.54,76.49,
669.40,1033.78,245.71,164.40,151.97,186.69,182.01,188.97,304.58,229.94,165.53,130.74,76.20,
669.81,1034.20,245.92,164.23,152.04,186.31,181.81,189.43,304.22,229.31,165.96,131.06,76.02,
670.23,1034.32,245.62,163.86,151.56,186.42,181.90,189.60,304.13,228.86,165.28,131.22,76.42,
670.64,1032.97,245.51,163.98,151.24,187.02,182.00,189.07,304.26,228.54,165.17,131.37,76.64,
671.05,1031.95,245.38,163.97,151.12,186.72,182.00,188.72,304.17,228.07,165.01,131.22,76.56,
671.46,1031.57,245.18,163.83,150.77,186.66,181.52,188.56,304.21,227.94,165.17,130.80,76.65,
671.88,1030.83,245.21,163.56,150.57,186.78,181.35,188.59,304.02,227.98,165.37,130.72,76.66,
672.29,1030.99,245.43,163.33,150.99,186.71,181.28,188.37,303.78,228.28,165.49,130.58,76.55,
672.70,1032.37,245.42,163.92,151.20,186.48,181.04,188.32,303.57,228.18,165.14,130.96,76.18,
673.12,1032.27,245.40,163.31,150.97,186.36,180.89,189.09,303.40,228.07,164.77,130.85,76.61,
673.53,1032.63,245.55,163.44,151.13,186.42,180.60,188.97,304.13,228.33,165.07,130.81,76.72,
673.94,1032.97,245.32,163.45,151.33,186.46,181.13,188.88,304.49,228.42,165.44,131.05,76.48,
674.35,1030.86,244.80,163.30,151.31,186.25,181.04,188.91,304.44,228.45,164.94,130.91,76.35,
674.77,1030.03,244.90,162.98,151.33,186.53,181.07,189.20,304.43,228.58,165.11,130.70,76.27,
675.18,1030.11,245.14,162.94,151.36,186.46,180.92,189.39,304.25,228.39,165.80,131.13,76.29,
675.59,1030.95,244.90,162.70,150.99,186.60,181.09,189.61,304.30,228.11,165.82,131.43,76.51,
676.01,1031.09,244.58,162.66,150.56,187.00,181.20,189.48,304.63,228.15,165.51,131.47,76.79,
676.42,1031.00,244.82,162.72,150.37,186.53,181.05,189.03,304.98,227.99,165.83,131.30,76.93,
676.83,1032.01,244.67,162.71,150.37,186.21,180.35,189.05,305.15,228.17,165.86,131.03,76.79,
677.24,1032.72,244.54,162.43,150.46,186.06,180.46,189.31,305.05,228.62,165.94,130.84,76.82,
677.66,1031.82,244.49,162.50,150.78,186.08,180.34,188.78,304.52,229.16,165.85,130.43,76.45,
678.07,1032.25,244.63,162.80,151.54,185.78,180.25,188.84,304.19,229.20,165.80,130.65,75.84,
678.48,1032.35,244.50,162.59,151.08,185.60,180.14,189.01,303.87,228.72,165.61,130.83,75.74,
678.89,1031.20,244.23,162.07,150.72,185.76,180.32,188.82,303.90,228.90,165.46,130.81,76.19,
679.31,1030.01,243.80,162.45,150.81,186.27,180.51,188.14,303.62,228.48,165.52,131.00,75.87,
679.72,1028.83,243.33,162.33,150.67,185.87,180.47,187.96,303.22,227.75,165.17,130.63,75.47,
680.13,1026.88,243.18,162.26,150.48,186.08,180.16,187.92,303.15,227.67,164.91,130.47,75.75,
680.55,1026.31,243.17,162.13,150.38,185.85,180.00,187.84,302.41,227.36,165.30,130.59,75.60,
680.96,1025.55,242.67,161.99,150.05,185.67,179.28,187.40,301.62,226.49,165.25,130.61,75.61,
681.37,1022.67,241.96,161.64,149.22,184.86,178.96,186.40,300.61,225.55,164.16,130.21,75.56,
681.78,1016.82,241.05,160.79,148.31,183.76,177.81,185.18,298.90,224.67,162.85,129.46,75.43,
682.20,1012.06,239.94,159.79,147.46,182.30,176.28,183.74,296.86,223.45,162.09,128.32,74.99,
682.61,1004.47,237.84,158.73,146.47,181.06,175.41,182.58,294.40,221.96,160.90,127.19,74.03,
683.02,993.78,235.56,157.19,145.22,179.35,173.99,180.74,291.40,220.51,159.39,125.34,73.09,
683.43,983.82,233.32,156.04,144.23,177.67,171.95,179.00,287.94,218.39,157.90,124.24,71.85,
683.85,973.62,230.86,153.93,142.42,175.29,169.95,177.39,284.32,214.91,156.19,122.95,70.91,
684.26,961.83,227.64,151.53,139.66,173.22,167.74,175.05,280.69,211.89,153.66,121.32,70.17,
684.67,948.65,224.55,149.44,137.73,171.47,165.46,172.32,277.24,208.91,151.21,119.63,69.33,
685.08,935.84,221.77,147.51,135.82,168.55,162.86,169.71,273.43,205.48,149.06,117.43,68.18,
685.50,924.86,218.88,145.55,133.41,166.05,160.85,167.47,270.28,202.79,146.97,115.51,67.65,
685.91,913.72,216.36,143.47,131.90,164.12,158.94,165.32,266.76,200.41,145.46,113.96,66.67,
686.32,904.00,213.93,141.63,130.34,161.78,156.62,162.99,263.26,198.05,143.96,112.37,65.69,
686.73,895.57,211.61,140.50,129.10,159.73,154.60,161.11,259.75,195.32,141.89,111.18,64.35,
687.15,887.29,209.44,138.64,127.44,157.58,153.05,159.80,256.95,193.06,139.38,109.99,63.80,
687.56,881.92,208.26,137.76,126.61,156.41,151.58,158.32,255.38,192.03,138.59,108.71,63.34,
687.97,878.24,207.08,137.50,126.33,155.63,151.10,157.39,254.43,191.05,138.25,107.70,62.62,
688.38,873.14,205.48,137.02,126.30,155.25,150.69,156.77,253.52,190.46,137.10,106.79,62.05,
688.79,871.02,205.09,136.53,126.36,155.01,150.26,156.36,252.98,190.09,136.62,106.53,61.61,
689.21,873.08,205.38,136.38,126.61,154.99,150.14,156.52,252.62,189.66,137.14,107.23,61.43,
689.62,876.26,205.42,136.41,126.62,155.55,150.28,156.91,253.41,189.68,137.00,107.73,61.86,
690.03,879.09,205.95,136.90,126.76,156.77,151.05,157.36,255.14,190.61,137.07,108.43,62.40,
690.44,881.86,207.14,137.67,127.17,156.87,151.66,157.64,256.39,191.35,138.01,108.56,62.90,
690.86,885.74,207.41,138.33,127.56,157.06,151.50,158.25,257.34,192.20,138.68,108.75,63.10,
691.27,889.08,207.94,138.60,127.87,157.91,152.24,159.11,258.49,193.43,139.63,109.33,63.51,
691.68,889.64,208.72,139.12,129.03,158.35,152.31,159.04,258.65,194.92,140.15,109.36,63.13,
692.09,892.70,209.37,139.72,129.82,158.74,152.23,159.87,259.04,195.30,140.33,110.11,62.70,
692.50,893.64,209.62,139.42,129.87,159.23,152.83,160.63,259.31,195.51,140.65,110.51,63.01,
692.92,896.59,210.34,139.70,130.03,159.99,153.61,160.97,261.04,196.69,141.11,110.80,64.00,
693.33,898.70,210.87,140.19,130.79,161.42,154.34,161.06,262.29,197.79,142.07,111.62,64.05,
693.74,899.27,210.46,140.28,131.68,161.65,155.13,161.47,262.90,198.33,142.00,111.57,64.12,
694.15,900.04,210.85,140.26,131.54,162.29,155.50,161.83,263.91,198.73,142.46,111.99,64.44,
694.57,903.60,212.01,140.56,131.89,162.86,155.86,162.58,264.34,199.05,143.55,112.96,64.55,
694.98,906.89,212.75,140.98,131.87,163.29,155.89,163.20,264.78,199.27,144.12,113.93,65.03,
695.39,908.67,213.23,141.44,131.57,163.40,156.53,163.60,265.95,199.00,143.86,114.35,65.59,
695.80,908.02,213.98,141.53,131.27,162.85,156.34,163.35,265.79,199.07,143.90,114.19,66.03,
696.21,909.87,214.29,142.19,131.60,162.46,156.01,163.47,266.33,199.37,144.31,113.95,66.25,
696.63,912.24,214.44,142.62,132.01,162.92,156.84,163.64,266.59,199.81,144.89,114.18,66.36,
697.04,913.39,215.09,143.01,132.90,163.42,157.32,163.84,266.86,201.09,145.32,113.96,66.19,
697.45,914.91,216.23,143.62,134.07,163.78,157.46,164.21,266.86,201.43,145.76,114.55,65.32,
697.86,917.71,216.56,143.54,133.93,163.73,157.84,165.91,266.99,200.73,145.72,115.27,65.71,
698.27,919.79,216.62,143.86,133.55,164.27,158.50,166.27,267.98,201.21,145.86,115.47,66.44,
698.69,921.63,216.92,144.31,133.64,165.22,158.81,166.23,268.51,201.41,145.55,115.99,66.54,
699.10,920.87,216.94,144.59,133.57,165.04,158.45,165.94,268.51,200.81,145.16,115.40,66.11,
699.51,920.14,216.50,144.56,132.86,164.75,158.10,165.78,268.93,200.66,145.02,114.84,66.54,
699.92,919.56,217.04,144.30,132.38,164.69,157.74,165.85,268.11,200.24,145.69,115.23,65.90,
700.33,920.31,217.30,144.28,132.37,164.14,157.02,165.78,267.19,200.13,145.80,115.19,65.66,
700.75,921.58,217.24,145.14,132.18,163.88,156.45,165.64,268.02,199.81,145.26,115.34,65.50,
701.16,921.80,217.50,144.33,132.33,163.45,156.68,166.18,268.11,200.16,145.04,115.34,65.93,
701.57,924.40,217.93,145.01,132.67,163.81,156.26,165.96,269.06,201.40,145.60,114.95,65.86,
701.98,925.69,218.14,145.51,133.46,164.42,157.55,166.23,269.82,202.24,146.59,114.79,65.53,
702.39,924.73,217.99,145.61,134.35,164.85,158.08,166.43,270.16,203.83,146.58,114.50,65.36,
702.80,927.16,219.47,145.79,135.31,165.64,158.58,167.59,270.99,204.86,147.37,115.22,65.28,
703.22,931.48,220.71,146.37,135.71,166.33,159.23,169.03,272.16,205.28,148.33,116.36,65.28,
703.63,936.52,221.17,146.42,135.58,167.35,159.97,170.06,273.63,205.90,148.39,117.23,66.25,
704.04,940.23,222.06,146.97,135.69,168.90,160.85,170.14,275.72,206.82,148.83,118.22,66.67,
704.45,942.62,223.84,147.98,136.15,168.66,161.43,170.28,277.27,207.39,149.47,118.33,67.14,
704.86,947.38,224.39,149.30,136.16,168.83,161.44,170.83,279.08,208.37,150.18,118.52,67.83,
705.27,949.94,225.14,149.17,136.72,169.05,162.38,172.06,279.86,209.42,151.56,118.73,68.05,
705.69,952.16,226.52,149.92,137.53,169.26,162.56,172.55,280.37,210.72,152.95,118.57,67.63,
706.10,955.58,227.49,151.32,138.75,169.60,162.49,173.79,281.31,210.86,152.72,119.20,67.41,
706.51,958.84,227.52,150.79,139.32,170.16,163.41,174.88,281.44,210.95,152.45,119.82,67.81,
706.92,959.90,228.17,151.18,139.65,170.39,164.12,174.75,282.37,212.29,153.23,119.53,68.54,
707.33,959.39,228.07,152.09,139.88,171.50,164.56,174.33,283.22,212.77,153.76,120.08,68.52,
707.74,958.62,227.72,152.50,140.12,171.47,165.27,174.44,283.33,213.01,152.89,119.99,68.12,
708.16,959.81,228.15,152.53,140.08,172.25,165.11,175.10,283.92,213.88,153.57,120.75,68.22,
708.57,962.40,229.05,152.66,140.53,172.60,165.04,175.86,283.67,213.27,154.87,121.50,68.18,
708.98,964.96,228.79,152.61,140.31,172.77,164.79,175.91,284.55,212.69,154.18,122.12,68.32,
709.39,965.51,228.65,152.56,139.69,172.93,165.31,175.69,285.28,212.48,153.75,122.47,68.99,
709.80,965.44,229.04,152.78,139.06,171.91,165.05,174.42,285.24,212.28,153.71,122.04,69.00,
710.21,967.47,228.83,153.00,138.83,171.13,163.85,174.30,285.21,211.89,153.79,121.23,69.35,
710.63,965.01,227.73,152.57,138.76,171.03,163.59,173.95,284.69,212.32,153.76,120.30,69.05,
711.04,959.73,227.62,152.01,139.34,170.68,163.61,172.95,283.09,212.95,154.14,119.21,68.14,
711.45,957.48,227.25,152.26,139.67,170.20,162.44,172.75,281.35,212.12,153.20,119.45,67.09,
711.86,953.56,225.73,150.58,138.75,168.73,161.60,172.90,278.84,210.00,151.12,119.79,66.95,
712.27,947.34,224.06,148.79,136.76,168.12,160.95,171.22,277.58,209.33,150.28,118.79,67.57,
712.68,936.45,221.98,148.12,135.77,167.40,159.80,168.76,275.47,207.72,148.94,118.12,67.07,
713.09,924.17,219.02,146.56,134.03,165.36,158.27,166.72,271.19,204.31,146.29,116.73,65.92,
713.51,910.96,215.84,144.17,131.58,163.04,156.07,164.96,267.82,201.89,143.76,114.35,64.70,
713.92,896.10,212.76,141.15,129.88,161.08,153.24,162.59,262.65,198.33,142.94,112.29,63.50,
714.33,879.42,208.85,138.78,127.60,157.81,150.09,159.47,257.27,193.54,139.74,110.08,62.21,
714.74,861.49,204.35,136.09,124.19,154.23,147.03,155.75,251.84,188.70,135.82,108.13,60.50,
715.15,840.30,199.89,132.61,120.66,150.41,143.45,151.80,244.93,184.60,132.33,105.09,59.63,
715.56,821.10,194.94,129.73,118.14,146.48,139.36,147.74,239.35,180.00,129.45,101.52,58.23,
715.97,800.00,190.12,127.08,115.73,143.47,136.88,144.45,233.70,175.97,126.66,98.63,56.18,
716.38,775.60,185.27,123.98,113.58,140.43,133.96,140.29,227.16,172.90,123.56,95.73,53.84,
716.80,758.65,182.02,121.72,111.98,137.82,131.04,137.68,221.42,168.89,121.02,93.48,52.11,
717.21,745.32,178.62,119.08,109.87,134.96,128.29,136.09,217.04,164.16,118.51,92.43,50.75,
717.62,734.08,175.41,116.23,107.27,133.16,126.62,133.73,213.97,161.33,115.80,91.48,50.65,
718.03,724.82,173.39,114.97,105.83,132.82,125.54,131.25,212.09,159.67,114.26,90.55,50.13,
718.44,717.51,172.15,114.29,105.12,130.61,124.60,129.61,210.53,157.25,112.71,89.08,49.41,
718.85,714.96,170.96,113.88,103.69,129.51,123.20,128.94,209.97,156.19,112.30,88.20,49.34,
719.26,713.14,170.78,112.90,103.56,129.13,122.66,128.98,209.27,156.42,112.75,87.62,48.98,
719.67,714.50,171.57,113.52,104.18,128.89,122.28,128.32,208.64,156.19,113.37,87.08,48.71,
720.08,718.51,172.18,114.50,104.89,128.71,122.68,128.71,209.20,155.83,112.78,88.24,48.35,
720.50,722.00,172.85,113.66,104.91,128.71,123.12,129.85,209.40,156.51,112.08,88.29,49.02,
720.91,726.46,173.75,114.40,105.37,129.16,123.43,129.74,211.45,158.12,112.97,88.45,50.32,
721.32,730.71,174.71,115.71,106.40,130.32,124.88,130.32,212.95,159.39,114.14,89.36,50.41,
721.73,731.50,174.93,116.24,107.51,131.27,125.54,131.13,213.29,160.76,113.80,89.61,50.10,
722.14,735.88,176.15,116.77,108.73,132.11,126.38,132.11,214.31,162.38,114.47,89.94,50.06,
722.55,742.83,177.19,117.21,109.59,132.89,127.14,133.61,214.72,162.37,115.63,91.04,50.77,
722.96,745.62,177.51,116.99,109.07,133.42,127.22,134.00,215.26,162.24,115.27,92.21,51.44,
723.37,745.75,177.59,116.95,108.87,133.99,127.49,133.56,215.86,162.43,114.50,92.70,51.83,
723.78,744.00,177.81,117.33,108.51,132.96,127.32,132.24,216.15,162.04,115.02,92.16,52.23,
724.19,743.18,177.32,117.63,107.93,131.98,125.89,131.54,215.71,161.24,115.03,91.41,52.59,
724.61,739.81,176.13,116.89,107.45,131.99,125.02,131.26,214.32,160.59,115.73,90.75,52.27,
725.02,734.22,175.92,116.31,107.71,131.47,124.32,130.15,212.65,160.76,115.73,89.49,51.45,
725.43,732.05,175.34,116.60,108.40,131.10,123.48,129.93,211.37,159.81,114.99,89.94,50.83,
725.84,729.88,174.55,114.89,107.82,130.51,122.85,130.21,210.05,158.94,113.72,90.30,50.82,
726.25,727.16,174.31,114.33,106.90,130.66,122.05,129.47,210.39,159.32,114.03,90.13,51.82,
726.66,725.56,174.05,114.98,107.66,131.88,122.61,128.59,211.13,159.69,114.68,90.61,51.74,
727.07,725.53,174.31,115.45,108.53,132.01,123.28,128.70,211.64,158.95,113.95,90.31,51.18,
727.48,727.44,174.89,115.63,109.27,132.61,123.51,129.58,213.08,159.89,114.57,90.17,50.92,
727.89,733.48,177.04,116.50,110.10,133.28,124.13,130.99,213.94,160.57,116.81,91.19,51.24,
728.30,739.73,178.88,116.70,110.58,134.01,124.82,132.32,215.95,160.81,117.62,92.05,51.92,
728.71,747.41,180.61,117.74,111.13,135.11,126.35,133.42,219.03,161.39,118.05,93.45,51.95,
729.12,756.30,182.75,119.16,111.75,135.67,127.64,134.44,221.95,163.45,119.77,93.84,53.10,
729.54,766.11,184.83,121.31,112.48,136.65,127.97,136.03,225.26,165.46,121.93,94.04,53.91,
729.95,774.95,187.17,122.81,114.26,138.36,130.43,138.05,228.06,167.89,123.74,95.14,54.10,
730.36,782.41,189.50,124.56,116.29,140.48,132.37,139.70,230.24,172.01,125.50,95.84,53.70,
730.77,792.06,192.41,126.76,119.24,142.27,134.28,142.12,233.00,174.55,126.60,97.15,53.59,
731.18,803.72,194.94,128.12,120.89,143.69,136.46,145.57,235.50,176.39,127.81,99.51,54.55,
731.59,815.73,197.76,129.48,121.28,145.56,138.94,147.93,239.08,178.84,129.16,101.40,56.14,
732.00,827.04,200.33,132.23,122.57,148.70,141.73,149.49,243.72,181.96,131.28,103.88,57.33,
732.41,837.32,202.77,134.70,124.07,149.14,143.90,151.20,246.87,183.09,132.64,105.19,57.91,
732.82,848.02,204.83,136.29,125.00,150.44,145.35,153.78,250.15,185.43,134.70,106.07,59.00,
733.23,856.73,207.37,137.40,126.40,152.06,146.48,156.36,252.16,188.40,138.03,107.75,59.45,
733.64,866.10,209.43,138.93,127.42,153.32,147.56,157.79,254.67,190.09,139.57,108.55,60.11,
734.05,875.57,211.26,140.89,128.71,154.20,148.75,159.17,257.26,191.38,140.25,110.28,60.27,
734.46,882.54,212.84,141.30,129.09,155.29,149.34,161.24,258.98,193.07,141.14,111.24,61.25,
734.87,888.83,214.71,142.92,129.69,156.31,149.54,161.47,261.32,195.35,142.60,111.95,62.27,
735.28,892.07,215.84,144.38,130.80,157.64,151.49,162.00,262.57,197.09,143.90,113.01,62.73,
735.69,893.91,216.39,145.07,132.59,158.85,152.69,162.57,262.74,199.21,144.10,113.14,62.73,
736.10,898.11,217.66,145.65,134.11,159.95,153.29,164.02,263.99,200.59,145.32,113.30,62.75,
736.51,902.08,218.84,146.06,134.66,160.23,154.36,165.44,264.76,200.12,146.55,114.80,63.18,
736.93,907.95,219.80,146.48,134.23,161.18,154.64,166.40,266.34,200.37,146.64,116.11,64.18,
737.34,911.14,221.03,147.52,134.58,162.58,155.21,166.35,268.67,201.38,147.35,117.06,65.00,
737.75,913.31,222.21,148.36,135.40,162.31,155.75,166.25,270.46,202.03,148.20,116.69,65.48,
738.16,917.19,222.95,149.02,135.38,162.00,154.60,166.76,271.42,202.09,148.69,115.99,66.70,
738.57,920.27,223.89,148.82,136.31,163.64,155.24,168.09,271.97,203.48,150.47,116.06,67.00,
738.98,920.91,225.71,149.76,137.21,164.12,155.53,168.25,272.93,205.40,151.08,114.75,66.54,
739.39,924.71,226.23,151.43,138.19,165.00,155.90,169.30,273.07,205.55,150.77,116.01,66.03,
739.80,927.82,227.35,151.07,137.97,165.83,156.71,170.97,272.96,205.79,150.41,116.74,67.00,
740.21,930.88,228.60,151.90,138.26,167.21,157.23,171.37,274.69,207.81,151.40,116.96,67.88,
740.62,931.18,229.08,153.56,139.22,168.40,158.73,171.23,275.77,209.41,152.22,117.88,68.36,
741.03,932.76,229.58,154.22,140.35,168.93,159.90,171.93,276.53,210.70,151.55,117.46,68.17,
741.44,935.64,230.65,154.32,141.43,169.72,160.18,172.73,277.85,211.56,152.31,117.83,68.62,
741.85,940.12,231.80,154.98,142.07,170.75,160.18,174.10,278.60,211.84,154.14,119.09,68.43,
742.26,943.78,232.63,155.64,141.69,171.11,160.01,174.97,279.35,211.62,153.80,120.35,69.08,
742.67,948.16,233.12,156.09,141.76,171.93,160.64,174.97,281.33,212.22,153.39,121.03,69.78,
743.08,950.66,233.97,156.60,142.41,171.47,161.33,174.68,282.45,212.52,153.73,121.80,70.61,
743.49,954.15,234.52,157.47,142.23,171.02,160.35,174.58,283.45,212.50,154.60,121.58,71.12,
743.90,953.44,234.29,157.78,142.68,171.52,160.49,174.91,283.49,213.42,155.06,121.47,70.41,
744.31,952.42,234.64,157.90,143.78,172.19,161.47,174.75,283.47,214.90,156.03,120.98,68.57,
744.72,953.29,235.31,159.15,144.98,172.30,160.86,175.38,283.98,215.33,155.57,122.10,67.96,
745.13,956.29,235.50,158.83,144.79,172.00,161.05,176.45,283.25,214.45,155.23,123.74,67.60,
745.54,958.71,235.96,158.17,144.26,172.25,161.43,176.72,284.57,214.50,154.91,123.65,69.04,
745.95,959.17,236.30,159.09,144.78,173.39,162.36,175.80,285.94,215.45,155.29,124.61,69.29,
746.36,958.19,236.35,159.35,145.37,171.96,162.98,175.41,286.08,214.26,154.52,124.31,69.06,
746.77,959.15,236.00,158.89,145.06,171.86,162.52,175.14,286.49,214.22,154.40,123.62,69.33,
747.18,957.88,236.20,158.22,145.57,171.56,162.03,176.24,285.76,213.33,156.14,123.73,69.14,
747.59,957.50,235.81,158.48,145.10,171.52,161.26,176.56,285.16,212.70,156.05,123.90,68.29,
748.00,958.99,235.63,158.95,144.31,170.45,161.73,176.55,284.95,211.93,154.59,124.79,67.62,
748.41,959.03,235.06,157.29,143.48,170.05,161.48,177.21,284.34,211.99,154.49,124.08,68.16,
748.82,957.93,235.27,157.55,143.34,169.30,160.53,176.50,284.75,212.29,155.09,122.81,67.90,
749.23,954.80,234.64,157.30,143.07,169.43,161.17,175.58,283.32,212.84,155.37,121.45,66.79,
749.64,950.62,233.47,156.65,143.61,169.33,161.40,174.97,281.93,213.74,154.35,120.52,66.08,
750.05,950.95,233.96,156.33,144.48,169.59,161.63,175.25,281.00,213.80,154.73,120.43,65.61,
750.46,950.30,234.45,156.30,144.25,169.06,161.80,176.15,279.82,213.01,154.88,120.86,65.92,
750.87,953.16,233.69,155.56,142.60,169.23,162.31,175.63,279.15,212.21,153.96,120.93,66.77,
751.28,953.39,233.80,155.39,142.21,170.01,162.17,175.00,280.67,212.24,153.79,121.36,67.72,
751.69,950.88,234.00,155.46,142.07,169.20,161.89,173.67,281.12,211.33,153.68,120.48,67.65,
752.10,951.16,233.28,155.76,141.11,168.44,161.29,173.44,281.15,210.42,153.26,119.50,68.05,
752.51,950.86,233.44,154.61,140.82,168.58,160.88,173.60,280.20,210.86,153.89,119.14,67.90,
752.92,946.35,232.95,154.58,141.10,167.88,160.33,173.27,279.68,211.56,154.40,118.99,66.86,
753.33,946.56,232.11,155.52,140.93,167.96,160.03,173.00,278.79,210.67,153.54,119.66,65.78,
753.74,943.38,231.33,153.25,139.70,166.63,159.58,173.32,277.41,210.00,151.63,118.37,65.78,
754.15,936.39,230.36,152.00,138.58,165.78,157.80,171.59,277.15,209.50,151.45,116.63,66.39,
754.56,924.51,227.70,151.74,137.93,164.28,157.01,168.82,274.40,207.89,149.74,115.39,65.60,
754.96,909.86,223.76,149.66,136.91,162.22,155.12,166.41,269.45,205.37,146.01,113.24,64.09,
755.37,892.14,219.70,146.83,134.60,159.07,151.95,163.82,264.63,201.80,143.36,111.04,63.19,
755.78,870.54,214.57,142.44,131.63,155.43,147.93,160.38,257.23,196.08,140.97,108.93,61.33,
756.19,841.95,206.73,137.94,126.02,150.05,142.53,155.18,248.92,188.57,135.37,106.21,59.62,
756.60,809.21,197.70,132.05,120.28,144.74,136.65,148.23,240.00,180.05,128.74,102.25,57.75,
757.01,768.11,188.73,125.70,114.46,136.39,130.31,140.08,229.65,171.22,122.38,96.76,55.29,
757.42,727.82,177.96,119.07,107.81,128.67,122.21,132.18,216.92,162.27,115.93,91.01,52.24,
757.83,683.41,166.83,111.90,101.17,121.15,114.67,124.47,203.27,153.14,109.12,85.08,48.46,
758.24,634.76,155.98,104.60,95.52,113.69,106.64,115.73,189.55,144.85,102.01,78.27,44.33,
758.65,592.11,145.01,98.34,89.98,105.97,99.27,108.38,175.87,134.41,94.63,73.62,39.97,
759.06,553.54,135.50,90.21,83.50,98.22,92.26,101.57,162.15,123.19,87.04,68.40,37.09,
759.47,514.63,125.64,82.83,76.47,91.24,85.26,93.30,151.07,114.24,79.65,62.82,35.15,
759.88,477.98,116.89,77.68,71.11,86.50,79.74,84.81,140.53,105.82,73.93,58.92,32.65,
760.29,446.37,108.56,72.81,66.60,79.96,75.07,77.89,130.38,97.46,67.92,54.18,29.73,
760.70,422.08,101.56,68.21,62.18,75.75,69.91,72.36,122.67,90.82,63.12,50.12,27.89,
761.11,401.44,96.72,63.85,58.75,71.79,66.31,68.76,116.37,84.26,61.02,48.17,26.26,
761.52,388.10,93.90,61.91,56.23,69.48,63.61,66.45,112.08,80.08,59.26,47.14,25.18,
761.92,385.88,92.65,61.13,54.87,68.16,63.41,65.12,111.44,78.03,57.15,46.70,23.92,
762.33,391.44,93.98,60.31,54.79,68.11,64.11,65.64,112.82,78.76,57.65,46.99,25.11,
762.74,406.17,97.18,63.00,56.13,69.49,65.29,67.97,116.65,82.28,60.33,47.92,26.54,
763.15,427.39,101.92,66.93,59.66,73.81,69.80,71.33,122.00,87.96,64.25,49.72,27.73,
763.56,450.79,107.88,71.28,64.39,78.57,74.73,75.69,129.15,94.85,67.64,51.93,28.55,
763.97,480.46,116.00,76.57,70.22,84.45,80.22,81.95,137.93,101.96,73.49,56.17,30.20,
764.38,517.17,124.08,81.63,74.87,89.93,86.26,89.35,147.05,108.45,79.51,61.37,32.61,
764.79,554.28,132.33,86.67,79.51,96.73,92.48,95.57,157.87,116.27,84.35,65.97,36.57,
765.20,590.40,141.00,93.42,84.48,104.29,98.85,101.18,169.16,125.27,90.11,71.28,39.42,
765.61,623.55,150.31,99.88,90.34,109.43,105.14,107.28,180.10,132.60,95.99,75.35,42.45,
766.02,660.50,158.33,106.07,95.74,115.23,110.75,114.26,192.06,140.58,102.56,79.55,45.63,
766.43,694.44,166.74,110.84,101.65,121.59,116.51,121.20,201.74,149.54,109.47,84.06,48.28,
766.83,725.58,175.24,116.76,106.36,126.77,122.06,127.75,211.35,156.99,115.39,88.11,50.04,
767.24,755.69,182.90,122.92,111.31,132.55,127.24,133.54,220.07,164.22,120.16,92.83,51.53,
767.65,784.17,189.46,126.18,114.74,136.82,131.70,139.98,228.10,171.32,123.61,96.01,54.02,
768.06,807.02,195.70,131.46,118.61,141.54,135.61,144.11,236.22,178.30,128.29,98.84,56.54,
768.47,826.81,201.21,136.45,122.59,146.55,140.21,147.14,242.80,184.18,132.09,101.40,57.83,
768.88,842.21,204.87,139.56,126.85,149.88,143.73,150.28,247.75,189.19,133.60,103.82,57.77,
769.29,857.39,209.04,142.28,129.93,153.05,146.07,154.24,252.49,193.70,136.51,106.41,58.19,
769.70,871.96,213.19,144.99,131.79,155.79,148.39,157.59,255.39,195.79,140.39,109.40,58.80,
770.11,885.88,216.18,146.39,131.95,157.62,149.80,159.83,258.50,196.53,141.58,111.90,60.36,
770.52,894.77,218.29,148.07,132.78,160.14,151.89,160.55,262.55,198.57,142.64,113.87,61.76,
770.92,899.96,221.03,149.04,133.31,160.13,153.07,161.14,265.60,199.66,143.39,114.15,62.52,
771.33,906.09,222.11,150.43,133.26,160.52,152.65,161.94,267.54,199.90,144.97,114.49,63.60,
771.74,909.63,222.68,150.68,133.89,160.99,153.51,163.42,267.58,201.44,146.23,114.88,63.51,
772.15,907.76,223.95,151.33,134.29,161.67,153.76,163.70,267.36,203.66,146.86,114.00,62.68,
772.56,911.01,224.62,152.80,135.71,162.36,153.62,165.42,267.56,203.26,146.90,115.36,61.45,
772.97,913.92,224.97,151.20,135.51,162.81,153.64,166.48,266.33,203.37,146.31,116.15,61.74,
773.38,916.88,225.08,150.87,135.13,162.93,153.32,166.00,267.81,204.02,146.17,115.91,62.97,
773.79,916.46,225.04,152.01,135.80,165.14,154.68,164.52,269.35,204.32,146.67,115.70,63.18,
774.19,917.96,225.66,152.22,136.59,164.36,154.90,164.36,269.27,202.62,146.05,115.61,63.15,
774.60,918.79,225.54,152.49,136.81,164.26,154.56,164.88,269.91,202.84,146.92,115.56,63.76,
775.01,917.61,225.94,152.07,136.76,164.69,153.94,165.73,269.80,201.94,148.76,116.07,63.93,
775.42,919.83,226.82,151.70,136.13,164.36,153.98,166.22,270.19,200.67,148.79,116.63,64.75,
775.83,923.63,226.87,151.32,135.50,164.22,154.23,165.68,271.42,200.02,147.99,117.60,65.15,
776.24,922.66,225.74,151.26,135.19,163.36,153.97,164.61,272.26,201.54,147.08,117.46,65.93,
776.65,923.96,226.23,151.73,134.57,162.61,152.14,164.91,272.06,201.74,147.54,115.94,65.71,
777.05,923.50,225.29,151.66,134.88,162.78,151.87,164.88,271.23,203.06,148.52,115.79,65.24,
777.46,920.09,225.03,151.63,136.07,162.78,152.26,164.46,270.45,204.63,148.69,113.99,63.93,
777.87,919.59,225.26,152.28,137.10,162.83,152.07,164.94,269.97,204.38,148.70,114.74,62.85,
778.28,921.77,225.03,151.08,136.71,162.27,151.92,166.29,267.92,202.84,149.17,115.37,62.75,
778.69,923.43,224.16,149.65,134.62,162.14,151.98,165.11,268.61,202.57,147.75,115.36,64.14,
779.10,921.64,224.25,150.35,135.06,163.09,153.11,163.73,270.12,202.38,147.59,116.37,64.98,
779.50,920.55,224.25,150.57,135.66,161.85,153.55,163.13,269.40,201.47,147.37,115.21,64.53,
779.91,922.05,223.98,150.39,134.60,160.84,152.73,163.82,269.42,201.15,147.61,115.19,65.27,
780.32,921.09,223.59,149.56,135.01,161.11,152.55,164.96,268.95,201.98,148.92,115.32,64.62,
780.73,919.73,223.57,149.05,135.09,160.43,152.70,165.80,268.24,201.66,148.83,115.11,64.00,
781.14,922.26,223.54,149.89,134.60,159.79,153.12,165.39,268.12,201.57,148.16,116.08,62.24,
781.55,920.20,222.66,147.58,133.55,159.01,152.54,165.05,267.75,201.08,146.93,115.64,63.00,
781.95,916.27,222.07,148.12,133.41,158.50,151.58,163.90,267.91,201.53,147.25,113.74,63.14,
782.36,913.70,221.41,148.18,133.89,159.45,152.08,163.78,267.12,201.05,147.53,112.22,62.61,
782.77,907.52,219.45,148.11,135.10,158.73,152.01,163.07,265.64,201.24,146.16,111.46,62.02,
783.18,904.29,219.33,147.82,136.30,158.90,151.95,163.47,264.76,200.86,146.73,111.51,61.95,
783.59,904.09,218.51,147.27,135.94,158.82,151.63,164.26,262.73,199.34,147.05,112.41,61.43,
784.00,903.05,217.39,146.02,134.01,159.11,151.69,163.26,262.35,198.18,145.36,112.62,62.20,
784.40,900.23,216.49,146.01,133.53,159.14,151.48,161.33,263.12,198.32,143.82,114.05,63.04,
784.81,894.62,215.98,146.25,133.32,157.44,151.30,160.29,262.47,197.56,143.62,112.71,62.71,
785.22,892.92,214.78,146.33,131.20,155.77,149.84,159.72,261.95,197.01,143.04,111.01,62.31,
785.63,889.88,213.44,145.59,130.65,155.47,149.10,160.08,260.65,196.75,143.39,110.89,62.36,
786.04,880.43,212.58,145.09,130.58,154.54,147.95,159.16,259.18,197.63,142.67,109.92,60.89,
786.44,878.16,211.55,145.65,130.71,154.21,147.18,158.61,257.24,195.73,140.81,109.84,59.09,
786.85,875.50,210.21,143.28,129.46,153.38,145.48,158.42,254.53,194.41,139.33,109.27,59.02,
787.26,870.43,209.12,141.90,128.51,152.89,144.10,156.84,254.15,194.41,138.39,107.64,60.85,
787.67,864.18,208.06,142.89,129.02,154.12,144.43,156.10,253.20,193.75,138.27,107.00,60.33,
788.08,860.42,206.90,142.35,129.09,153.41,144.12,155.62,250.89,192.97,136.39,106.54,59.24,
788.48,857.33,206.65,141.39,129.18,152.49,143.39,155.37,250.82,193.11,136.73,106.76,59.49,
788.89,854.28,206.77,140.30,128.48,151.90,143.20,155.47,249.15,191.15,137.40,107.29,58.66,
789.30,852.37,205.74,139.25,127.13,150.93,142.40,154.98,248.41,188.89,136.33,107.81,58.40,
789.71,854.63,205.43,138.46,126.24,150.22,142.76,153.84,249.32,188.01,134.84,108.82,58.37,
790.12,851.10,205.72,137.68,125.84,148.83,142.23,152.70,249.87,187.74,134.27,107.87,59.17,
790.52,852.78,206.27,138.05,124.54,147.89,140.34,152.93,249.77,186.58,134.38,106.00,58.61,
790.93,852.02,206.10,138.40,125.04,147.84,140.01,153.59,248.93,186.75,134.71,105.70,58.26,
791.34,846.09,205.93,137.13,126.25,148.25,139.68,152.89,247.86,188.56,135.05,104.94,57.68,
791.75,844.89,206.68,137.56,127.78,148.26,138.72,152.92,246.95,187.83,135.00,104.97,56.33,
792.15,846.70,207.00,136.83,127.47,148.06,138.23,153.67,245.12,185.48,135.89,105.02,56.60,
792.56,845.63,206.85,135.87,125.76,148.56,138.45,152.55,245.87,186.64,134.93,104.84,58.30,
792.97,844.25,206.63,136.50,125.40,149.72,139.57,150.67,246.31,187.27,134.84,106.03,58.57,
793.38,843.49,207.32,137.42,126.29,148.56,140.27,150.22,246.65,185.76,134.34,104.96,57.81,
793.78,847.69,206.77,137.05,125.20,147.49,139.90,150.33,247.31,185.42,134.68,104.81,58.33,
794.19,847.92,206.77,135.71,124.82,147.08,139.50,150.64,247.27,185.69,136.19,105.64,58.27,
794.60,850.70,206.96,135.92,124.79,147.29,139.47,151.31,246.51,185.18,135.92,106.09,58.25,
795.01,853.42,207.33,137.35,125.06,147.28,139.72,150.83,247.75,184.87,135.22,106.85,57.21,
795.42,852.58,207.30,136.55,123.86,147.13,139.14,149.95,247.25,185.67,134.67,106.00,58.76,
795.82,849.11,206.26,136.88,123.34,147.40,137.59,149.73,248.07,186.17,135.02,105.12,58.87,
796.23,847.62,205.75,137.25,124.47,148.16,139.10,150.02,247.55,186.94,135.85,104.04,57.82,
796.64,842.58,204.16,136.57,125.72,148.56,139.33,148.79,246.60,188.47,134.72,102.89,57.21,
797.05,839.47,203.99,136.61,126.75,148.76,139.13,149.44,246.17,188.64,135.23,103.14,56.61,
797.45,838.52,203.89,136.08,126.97,148.59,139.03,150.87,244.16,186.59,136.30,103.76,56.43,
797.86,838.32,202.60,134.76,125.27,149.01,140.19,150.37,244.20,186.32,134.99,104.46,57.21,
798.27,838.94,202.20,134.72,124.38,149.34,140.57,149.34,245.61,187.35,133.82,105.49,58.25,
798.67,838.18,202.28,135.00,124.94,147.52,140.81,149.08,246.09,185.96,133.21,104.60,58.78,
799.08,841.87,201.69,135.50,124.39,147.27,140.16,149.49,246.79,185.26,133.50,103.96,59.75,
799.49,842.09,201.66,134.51,124.57,147.10,140.26,150.64,246.50,185.98,134.07,104.47,59.42,
799.90,840.06,201.83,135.07,124.97,147.59,140.34,150.66,245.98,186.24,134.19,103.66,59.30,
800.30,838.70,201.38,136.73,126.02,148.08,141.09,150.70,245.93,185.65,133.45,104.40,57.88,
800.71,838.94,201.56,134.88,125.32,147.70,140.31,150.30,245.00,185.27,132.71,104.69,58.43,
801.12,836.97,201.74,134.56,124.41,148.17,139.31,149.68,245.58,186.18,132.19,104.11,59.83,
801.53,835.57,201.40,135.20,125.09,149.81,140.78,149.38,245.67,186.78,132.40,103.17,59.54,
801.93,834.92,202.31,135.09,125.88,149.43,141.29,149.00,245.34,187.75,131.45,102.54,59.30,
802.34,837.16,202.41,135.44,126.05,149.73,140.56,149.52,245.71,188.33,132.67,103.02,60.36,
802.75,838.22,203.21,135.26,126.13,148.64,140.78,150.76,245.04,187.29,134.41,104.26,59.88,
803.15,842.39,203.19,135.25,125.30,149.64,140.96,151.12,245.94,186.89,134.40,105.40,60.53,
803.56,845.92,204.33,135.73,124.33,149.87,142.06,150.29,248.24,187.65,133.41,107.02,61.21,
803.97,846.43,205.07,135.81,124.47,148.61,142.52,149.87,248.94,187.65,133.71,106.84,62.13,
804.38,849.08,204.74,136.56,124.05,148.45,141.36,150.53,249.35,186.81,134.27,106.12,62.13,
804.78,847.58,204.87,136.03,124.21,149.30,141.21,151.37,249.45,187.87,135.82,105.75,61.79,
805.19,843.73,205.13,136.07,124.73,149.26,141.02,150.91,248.84,189.47,135.86,104.94,60.41,
805.60,842.69,204.78,137.00,126.15,149.29,140.07,151.13,247.58,188.81,135.98,105.46,59.39,
806.00,841.37,204.49,135.11,125.54,148.74,138.97,151.59,246.00,187.60,136.53,105.40,59.01,
806.41,838.98,204.51,133.71,124.20,148.68,138.16,149.89,245.78,187.92,135.13,104.38,60.08,
806.82,835.83,203.78,134.18,123.72,149.26,138.80,149.26,245.22,187.48,134.18,104.40,59.95,
807.22,833.18,202.97,133.71,124.10,147.92,138.91,148.32,244.60,185.55,134.11,102.88,59.45,
807.63,832.18,201.67,132.99,122.84,146.33,137.97,147.92,243.88,184.95,133.79,102.33,60.12,
808.04,825.08,199.84,131.78,122.87,145.43,136.72,148.00,241.59,183.02,133.56,102.10,59.16,
808.44,820.24,198.20,130.69,121.04,143.68,135.41,147.22,238.54,180.48,132.46,101.75,57.86,
808.85,813.92,196.13,129.64,120.42,142.98,134.15,145.33,237.31,178.47,130.03,101.40,56.88,
809.26,804.05,193.79,127.44,118.46,140.32,132.51,142.47,234.58,176.42,127.24,99.92,56.60,
809.67,793.96,190.94,126.26,116.93,138.30,129.17,141.02,232.12,173.84,125.87,97.12,55.75,
810.07,782.28,188.21,124.70,115.79,137.09,127.80,139.22,228.49,171.56,124.51,94.88,54.02,
810.48,764.92,184.78,122.35,115.39,135.10,126.21,135.68,223.63,170.67,121.19,92.39,51.80,
810.89,753.27,181.40,121.06,114.12,132.63,124.15,133.01,218.61,167.33,118.94,91.57,49.74,
811.29,738.32,177.27,117.86,112.09,129.59,121.71,131.70,213.42,163.04,117.67,90.37,48.26,
811.70,724.62,173.33,114.79,108.45,127.65,120.35,127.84,209.23,159.90,114.21,88.87,47.99,
812.11,710.08,169.42,112.88,105.79,125.92,119.02,124.00,205.65,156.58,110.20,87.97,47.34,
812.51,695.12,165.80,110.72,103.26,122.00,117.22,120.86,201.75,152.03,107.85,85.48,46.47,
812.92,682.48,161.55,108.59,100.01,119.07,114.11,118.30,198.51,148.78,106.11,83.06,45.34,
813.32,668.64,158.31,105.73,97.57,116.36,111.80,116.74,193.05,145.78,104.02,82.38,44.04,
813.73,654.02,155.22,103.36,96.16,113.77,109.22,114.90,188.54,142.35,101.84,80.26,41.65,
814.14,642.56,151.91,102.09,94.92,111.72,107.00,111.91,184.37,138.70,99.26,78.88,39.25,
814.54,630.70,149.26,99.82,92.49,109.60,104.71,109.22,180.28,135.73,96.44,77.26,38.91,
814.95,621.71,146.81,98.31,90.07,107.86,102.25,106.74,177.34,134.27,94.94,74.72,39.14,
815.36,612.53,144.70,97.52,89.32,107.22,102.18,104.79,174.90,132.76,94.16,72.72,38.60,
815.76,603.04,142.54,96.08,88.83,105.74,101.65,102.58,171.90,131.76,92.55,71.36,37.91,
816.17,601.83,141.66,95.37,88.33,105.55,100.55,102.03,170.18,131.29,92.59,71.11,38.15,
816.58,600.54,141.58,94.57,88.12,105.08,99.92,103.42,169.24,129.79,94.02,71.53,37.98,
816.98,602.00,141.80,93.67,87.25,105.80,99.92,103.41,169.90,129.31,93.86,71.63,38.94,
817.39,606.66,142.85,94.68,86.99,106.22,100.18,102.38,171.42,129.67,93.40,72.52,39.93,
817.79,608.98,143.68,95.54,86.97,105.20,100.10,102.83,173.21,129.82,93.54,72.02,40.66,
818.20,612.06,144.46,96.01,87.11,105.44,98.73,103.63,174.41,130.31,94.73,71.69,41.20,
818.61,615.38,144.76,96.15,87.65,106.27,99.04,105.00,175.49,131.39,95.97,71.75,41.03,
819.01,613.18,145.33,97.06,89.32,106.79,99.05,105.71,175.40,132.54,96.34,71.85,40.70,
819.42,614.50,145.47,98.36,91.19,106.96,99.07,105.70,175.57,132.39,96.56,72.38,39.59,
819.83,614.94,145.80,97.32,90.73,107.30,98.92,105.52,175.21,132.26,97.68,73.08,40.10,
820.23,616.64,146.32,97.31,90.03,107.61,99.27,105.30,177.04,133.54,96.78,73.16,41.02,
820.64,616.56,146.74,97.77,90.52,109.08,100.59,105.54,178.03,134.19,97.24,74.08,41.02,
821.04,618.39,147.78,97.82,91.48,109.60,102.04,106.09,179.45,134.06,97.46,73.89,40.82,
821.45,625.12,148.77,97.95,91.47,110.04,102.16,107.76,180.83,135.45,98.13,75.00,41.35,
821.86,631.09,150.21,98.39,92.29,111.30,102.58,109.91,181.96,136.25,99.44,76.41,41.17,
822.26,635.66,150.92,98.82,92.40,111.33,102.47,111.50,183.40,136.86,100.04,77.98,41.16,
822.67,640.92,151.81,100.05,92.96,112.35,104.04,110.96,185.40,137.62,100.05,79.28,42.24,
823.07,643.34,152.71,100.49,92.73,111.86,104.11,111.00,186.32,138.75,99.62,79.46,42.75,
823.48,644.25,153.38,101.06,92.65,112.04,103.46,111.86,187.70,139.32,100.03,78.75,43.06,
823.89,646.01,153.71,100.94,93.25,112.38,105.04,112.72,187.87,140.22,100.94,78.56,42.53,
824.29,645.72,153.65,102.09,94.43,113.15,105.83,111.96,187.34,142.08,100.90,78.10,41.69,
824.70,648.09,154.42,102.95,95.50,113.45,106.00,113.11,186.93,142.57,101.43,78.40,40.98,
825.10,652.75,154.97,102.25,95.85,113.70,106.63,114.21,186.98,142.34,102.59,78.84,41.10,
825.51,657.00,155.73,102.37,94.82,114.45,107.57,114.12,188.79,143.48,102.87,79.21,42.46,
825.91,661.18,156.71,104.08,95.06,116.11,108.76,114.61,190.13,144.35,102.58,80.19,43.10,
826.32,664.88,157.74,104.72,95.41,116.19,109.21,114.86,190.82,144.44,102.89,79.79,43.72,
826.73,671.11,158.72,105.59,95.16,116.35,109.23,116.18,192.81,145.14,103.60,79.77,44.69,
827.13,674.15,159.06,106.15,95.60,116.53,109.45,117.03,192.69,146.04,104.67,81.10,44.67,
827.54,674.74,159.57,107.20,96.37,116.56,109.50,117.38,192.57,146.11,105.07,80.77,44.00,
827.94,674.17,159.77,108.59,97.79,116.27,109.73,116.76,193.13,146.04,105.15,81.44,43.50,
828.35,672.37,159.64,108.65,97.09,115.66,109.79,115.50,192.55,145.63,104.42,81.29,43.82,
828.75,672.55,159.82,109.04,96.54,115.04,109.04,115.36,193.41,145.87,104.17,80.64,43.65,
829.16,672.57,159.80,109.71,96.95,116.17,109.87,115.85,193.09,146.07,104.54,79.98,42.98,
829.57,672.27,159.57,109.49,97.42,116.10,110.62,115.29,192.42,146.53,104.34,79.87,42.83,
829.97,674.29,159.65,110.07,97.87,116.49,110.39,116.17,192.06,146.97,104.93,81.03,42.68,
830.38,677.21,160.93,109.63,98.61,116.82,111.23,118.10,192.58,146.71,106.12,82.30,42.83,
830.78,680.77,162.27,109.40,98.57,118.00,112.11,118.32,194.12,146.82,106.85,83.13,44.11,
831.19,684.80,163.56,110.20,98.61,119.25,112.74,118.30,196.43,147.84,106.87,85.11,45.26,
831.59,689.43,164.45,110.85,99.15,119.54,113.69,119.07,198.29,148.64,107.53,85.07,45.54,
832.00,695.14,165.57,111.38,99.88,120.20,113.27,120.20,200.23,149.66,108.86,85.39,46.63,
832.40,701.31,166.87,111.77,100.94,121.50,114.13,121.82,201.88,151.17,110.83,86.34,47.09,
832.81,705.08,168.53,112.41,102.56,121.94,114.75,122.88,202.92,152.74,111.62,85.99,46.59,
833.21,710.32,170.23,113.90,104.41,123.39,115.30,123.39,204.30,153.58,112.66,86.83,46.21,
833.62,714.82,171.77,114.15,105.02,124.38,116.17,124.84,205.23,154.74,114.00,87.82,47.24,
834.02,721.29,172.96,114.64,104.92,125.28,116.95,125.44,207.36,156.29,114.33,87.94,48.75,
834.43,725.79,174.34,115.20,105.83,127.49,118.58,126.57,209.37,157.91,115.05,88.17,49.31,
834.83,730.94,175.49,115.97,107.25,128.67,120.10,126.99,210.37,158.96,115.82,88.74,49.42,
835.24,737.25,176.57,116.80,107.65,129.46,120.61,128.24,212.10,160.56,116.95,89.81,50.17,
835.64,743.02,177.69,117.24,109.35,130.30,121.19,130.15,213.22,161.28,118.46,91.12,50.12,
836.05,748.28,179.68,117.82,109.95,131.43,121.75,130.67,215.37,161.83,119.33,91.65,50.82,
836.45,752.95,180.89,119.09,110.04,132.05,122.55,130.84,217.82,162.65,119.39,93.46,51.55,
836.86,757.75,181.74,120.31,110.25,131.57,122.86,131.12,219.74,164.02,119.41,94.02,52.27,
837.26,762.99,182.58,121.42,110.20,131.29,122.77,131.59,221.46,164.63,119.63,93.61,52.64,
837.67,766.49,183.90,121.95,111.53,132.08,123.59,132.97,222.17,165.58,120.61,93.96,52.56,
838.07,768.58,184.58,123.00,112.62,132.05,124.63,133.54,222.86,167.81,120.63,94.22,52.23,
838.48,771.55,185.41,124.54,113.61,131.93,125.28,134.44,223.38,168.42,121.29,94.70,51.12,
838.88,773.42,185.94,123.72,113.86,132.54,126.22,135.63,223.31,168.73,122.54,95.77,51.49,
839.29,776.96,186.41,124.23,113.08,133.32,127.16,135.67,224.84,169.69,122.47,96.51,52.80,
839.69,780.08,186.49,124.81,113.41,134.31,128.03,135.19,226.10,169.83,121.89,97.78,52.91,
840.10,781.26,187.09,125.12,113.33,134.14,128.17,135.45,226.08,169.49,122.35,97.18,52.81,
840.50,785.63,187.71,125.38,113.50,134.08,128.28,135.96,226.85,169.74,123.06,97.41,53.20,
840.91,787.63,187.99,125.47,114.07,134.28,128.22,137.17,227.12,169.94,123.74,98.18,53.28,
841.31,788.92,188.13,125.57,114.78,134.20,128.30,137.65,227.40,170.01,124.70,97.66,53.07,
841.72,789.89,188.88,126.35,114.88,134.96,128.79,137.83,228.33,170.24,124.78,98.39,53.50,
842.12,792.08,189.01,126.39,114.52,134.68,128.53,137.40,228.05,170.71,124.53,98.51,54.19,
842.53,793.93,189.49,126.94,114.69,134.64,127.80,137.49,228.81,171.25,124.66,97.59,54.28,
842.93,794.62,189.74,127.39,115.18,135.35,128.39,137.90,228.94,171.99,124.84,97.29,53.97,
843.34,793.30,189.82,127.49,116.44,135.99,128.77,137.84,228.21,173.11,125.09,97.18,53.55,
843.74,794.18,189.84,127.83,117.24,136.31,129.10,138.28,227.98,173.60,125.71,97.60,52.83,
844.15,795.21,190.15,127.23,117.38,136.52,129.49,138.92,228.01,173.26,126.39,97.82,52.92,
844.55,795.54,190.12,126.70,116.74,137.22,129.64,138.34,228.56,172.72,126.56,98.50,53.88,
844.95,796.89,189.88,127.48,116.84,137.97,129.85,137.55,229.48,173.09,126.50,99.63,54.43,
845.36,795.06,189.95,127.24,116.65,137.13,129.61,137.27,229.39,172.53,125.98,98.95,54.35,
845.76,794.52,189.85,127.54,116.02,136.56,128.51,137.39,229.96,172.37,126.29,97.84,54.68,
846.17,794.47,189.59,127.09,116.30,136.35,128.61,137.60,229.84,172.45,126.40,98.32,54.62,
846.57,791.77,189.20,127.10,116.36,136.05,128.06,137.29,228.99,172.81,126.13,97.35,54.12,
846.98,789.85,189.02,127.47,116.51,136.11,128.02,136.93,228.35,172.43,125.97,97.04,53.18,
847.38,788.45,188.74,125.96,116.00,135.79,127.74,136.33,227.22,171.81,125.82,97.58,53.36,
847.79,787.14,188.21,126.11,115.10,135.35,127.46,135.48,227.07,171.77,124.75,96.89,53.81,
848.19,783.22,187.43,126.13,115.03,136.01,128.70,135.33,226.95,171.87,124.50,96.22,53.18,
848.59,779.61,186.86,125.52,115.27,135.50,128.89,134.69,225.83,170.82,123.63,95.59,52.72,
849.00,777.66,186.56,125.04,115.24,135.38,128.53,134.85,224.70,170.57,123.70,95.49,51.98,
849.40,773.97,185.56,124.56,114.79,135.13,128.30,135.13,223.69,169.38,123.62,95.93,51.51,
849.81,771.43,185.14,123.56,113.97,134.63,127.29,134.49,222.87,168.35,123.16,95.57,52.12,
850.21,768.96,184.42,123.17,112.80,134.33,126.49,133.40,222.42,167.41,122.50,96.06,52.22,
850.61,764.55,183.60,122.75,111.77,132.67,125.53,132.14,221.30,166.67,120.90,95.11,52.12,
851.02,760.89,182.59,122.56,110.97,131.64,123.74,131.25,220.50,165.74,119.79,93.33,52.00,
851.42,757.83,181.72,121.67,110.66,131.11,123.11,131.24,219.22,165.46,119.57,92.30,51.53,
851.83,752.31,180.97,121.26,110.94,130.67,122.96,130.54,217.69,166.08,118.78,91.73,50.57,
852.23,748.84,180.16,121.85,111.17,130.70,122.50,130.18,216.61,165.45,118.85,91.51,49.47,
852.63,746.98,179.56,120.53,110.93,130.13,122.73,130.65,215.76,164.77,119.23,91.73,49.82,
853.04,746.74,179.37,120.36,110.01,130.32,122.56,129.81,215.74,164.88,118.81,92.02,50.86,
853.44,746.25,179.64,121.18,110.08,130.86,123.37,129.70,216.42,164.93,118.21,91.89,50.59,
853.85,747.28,179.55,121.55,110.48,130.68,123.48,129.52,216.72,164.12,118.46,91.96,50.42,
854.25,751.61,179.75,121.67,110.00,130.64,122.82,129.74,217.44,164.36,118.46,92.18,50.90,
854.65,753.88,180.04,121.77,110.27,130.97,122.66,130.59,217.09,165.09,119.60,92.89,50.73,
855.06,756.16,180.54,121.93,110.08,130.97,122.95,130.85,217.99,164.74,119.89,92.88,51.22,
855.46,760.35,181.37,122.27,110.57,131.04,123.28,130.78,218.99,164.97,119.98,93.29,51.86,
855.86,762.48,181.52,122.58,110.54,130.95,123.59,130.57,219.43,165.55,119.79,93.68,52.23,
856.27,764.99,182.03,123.46,111.32,131.30,123.71,131.05,220.48,165.96,120.05,93.48,52.50,
856.67,768.08,182.77,123.83,112.34,132.16,124.96,132.03,221.15,166.87,120.92,93.41,52.64,
857.08,769.15,183.71,124.32,113.61,132.77,125.96,132.39,221.41,168.33,121.17,94.57,52.45,
857.48,772.89,184.41,125.12,114.67,133.56,126.88,133.56,221.92,169.18,122.23,95.67,51.86,
857.88,778.24,185.35,124.95,115.15,134.11,127.46,135.12,222.39,169.02,123.56,96.31,52.49,
858.29,783.01,186.42,124.40,114.76,134.93,127.79,135.05,223.75,169.38,123.65,96.84,53.50,
858.69,785.69,187.41,125.61,114.98,136.12,128.24,134.62,225.07,170.02,123.48,98.46,53.42,
859.09,786.54,187.87,126.37,115.14,135.35,128.12,135.10,225.92,169.78,123.25,98.18,53.14,
859.50,788.78,188.04,126.48,115.28,135.43,126.98,135.06,226.96,170.13,123.74,98.25,53.60,
859.90,788.49,188.39,126.26,115.22,135.31,126.88,135.56,226.47,170.66,124.52,98.10,53.08,
860.30,787.80,188.48,126.39,116.13,135.55,126.39,136.04,226.20,170.67,124.79,97.83,52.81,
860.71,788.14,188.27,127.11,116.76,135.62,126.99,136.11,226.24,170.39,124.77,97.52,53.02,
861.11,786.33,187.74,126.30,116.11,135.27,126.43,135.15,225.09,170.29,124.95,97.43,53.20,
861.51,783.40,187.11,126.37,115.72,135.07,126.62,134.82,225.31,170.46,124.54,96.86,53.02,
861.92,780.09,186.71,126.67,115.56,135.58,127.16,134.84,224.78,169.99,124.35,96.16,52.35,
862.32,775.62,185.78,126.05,114.97,134.56,126.90,133.95,223.62,169.36,123.61,95.51,51.59,
862.72,772.48,185.08,125.49,113.96,134.23,125.98,133.99,222.58,168.82,123.31,95.39,50.61,
863.13,769.52,184.23,124.67,113.42,133.99,125.40,134.48,221.99,167.52,123.58,94.90,50.23,
863.53,766.35,183.51,123.87,112.52,133.41,124.60,133.41,221.42,166.61,123.03,94.53,50.83,
863.93,763.32,182.98,123.43,111.26,133.08,124.40,132.11,220.95,165.50,121.75,94.99,50.87,
864.34,758.87,182.08,123.27,110.76,131.81,123.75,131.21,220.32,165.24,121.11,94.53,50.51,
864.74,757.63,181.38,122.75,110.29,131.03,122.28,131.03,220.22,164.35,120.60,93.15,50.71,
865.14,754.93,180.87,121.82,109.74,130.90,122.18,131.02,219.25,164.26,120.74,92.05,50.57,
865.54,751.03,180.39,121.45,109.88,130.64,122.53,131.00,217.61,164.52,120.02,91.63,49.99,
865.95,750.07,180.06,121.75,110.92,130.67,122.58,130.67,217.20,164.12,120.08,91.52,49.51,
866.35,747.97,180.11,120.27,110.41,130.36,122.64,130.95,216.44,163.96,120.51,91.77,49.75,
866.75,747.43,180.12,120.16,109.37,130.23,122.29,130.35,216.50,164.24,120.04,92.19,49.77,
867.16,746.69,180.20,120.84,109.73,130.89,123.09,130.42,216.74,164.36,119.31,92.94,49.31,
867.56,746.95,180.59,120.67,109.82,130.58,122.79,129.99,216.80,163.96,119.02,92.36,49.07,
867.96,750.82,180.69,120.81,109.28,130.34,122.46,130.46,216.92,164.34,119.17,92.93,49.41,
868.36,753.49,181.26,121.19,110.05,130.93,122.72,131.05,217.04,164.25,119.90,93.39,49.39,
868.77,756.51,181.96,121.46,110.58,131.06,123.10,131.29,217.77,164.41,120.29,93.38,50.08,
869.17,760.64,182.48,121.89,110.56,131.11,123.64,131.00,218.44,164.85,120.37,94.22,50.90,
869.57,762.88,182.74,122.53,110.53,130.91,124.04,131.14,218.85,165.27,120.43,94.46,51.36,
869.98,765.82,183.19,123.48,110.94,131.03,123.60,131.62,220.02,166.00,120.70,93.98,51.46,
870.38,767.23,183.35,123.78,111.84,131.66,124.47,132.58,220.32,166.43,121.00,93.64,51.69,
870.78,766.10,183.70,124.01,112.79,131.99,124.82,132.80,219.68,167.39,121.00,93.59,51.13,
871.18,767.66,183.89,124.79,113.47,131.94,125.48,133.21,219.56,167.38,121.67,94.20,50.22,
871.59,768.74,184.04,124.15,113.67,131.87,125.53,133.71,219.62,166.88,122.54,94.67,50.56,
871.99,767.65,183.98,123.54,112.62,131.81,125.49,133.42,219.61,167.09,122.16,95.04,51.37,
872.39,767.81,183.91,123.90,112.32,132.39,125.51,132.51,219.82,166.93,121.38,95.91,51.17,
872.79,766.67,183.79,123.79,112.57,131.58,125.51,132.03,219.98,165.93,120.81,94.93,51.07,
873.20,768.09,183.75,123.49,112.06,131.38,124.63,132.07,220.34,165.68,121.20,94.22,51.80,
873.60,768.41,183.41,123.15,111.74,131.37,124.29,132.51,219.37,165.72,121.67,94.62,51.82,
874.00,767.24,183.36,122.62,112.14,131.28,124.10,132.65,219.60,165.58,122.05,93.79,51.85,
874.40,767.01,183.56,122.90,112.89,131.21,123.81,132.24,219.86,165.69,122.22,94.00,52.23,
874.80,765.73,183.34,122.27,112.39,130.89,123.52,131.69,219.10,166.09,122.49,94.23,52.45,
875.21,764.65,182.99,122.41,112.33,131.02,122.98,131.58,219.57,165.78,122.30,94.10,51.98,
875.61,763.38,183.05,122.30,112.59,131.45,123.32,131.78,219.75,165.66,121.96,93.39,51.61,
876.01,760.24,182.79,122.09,112.85,131.32,123.67,131.10,218.72,165.56,121.75,93.26,51.13,
876.41,759.73,182.49,122.19,112.19,131.17,123.42,131.06,217.87,165.65,121.96,93.55,50.31,
876.82,759.25,181.97,121.84,111.87,131.24,123.18,131.47,217.47,164.73,122.17,94.07,50.28,
877.22,758.45,181.51,121.42,111.25,131.14,122.65,131.03,217.59,164.20,121.31,94.16,51.16,
877.62,758.10,181.32,121.70,110.33,131.17,122.70,130.28,217.21,164.05,120.47,94.62,51.38,
878.02,758.29,180.90,121.97,109.85,130.31,122.53,129.98,217.26,163.78,119.75,94.40,51.26,
878.42,758.30,180.55,122.10,109.79,129.76,121.44,130.20,217.70,163.58,119.66,93.16,51.57,
878.82,757.23,180.14,121.53,109.70,129.83,121.20,130.49,217.08,163.78,119.98,92.89,51.53,
879.23,754.61,180.20,121.31,109.84,129.69,121.20,130.58,216.15,163.88,120.10,92.53,50.84,
879.63,752.48,179.80,121.85,110.85,129.88,121.08,130.43,216.20,163.53,119.98,92.60,50.15,
880.03,751.93,179.67,120.99,110.68,129.44,121.10,129.98,215.76,163.44,119.89,92.69,50.46,
880.43,750.85,179.26,120.53,109.70,129.39,121.19,129.72,215.36,163.29,119.44,92.31,50.20,
880.83,749.18,179.02,120.98,109.74,129.71,121.31,129.82,215.56,163.09,118.80,91.96,49.64,
881.24,747.26,178.78,120.78,109.79,129.27,121.54,129.38,214.79,162.78,118.17,91.18,49.29,
881.64,748.43,178.17,120.66,109.05,129.12,121.20,129.23,214.19,162.33,118.06,91.25,49.37,
882.04,747.85,177.97,120.41,108.95,128.85,120.74,129.93,213.89,161.74,118.25,91.31,48.79,
882.44,746.84,178.08,120.01,109.22,128.75,120.55,129.83,213.80,161.35,118.07,90.87,49.21,
882.84,747.27,177.92,119.48,108.82,128.20,120.66,129.06,213.77,161.13,117.75,91.49,49.51,
883.24,745.57,177.39,119.23,108.39,127.60,120.30,128.24,213.77,161.29,117.72,91.22,49.47,
883.65,745.06,177.21,119.42,108.62,127.13,119.42,128.09,214.24,160.84,117.50,90.32,49.12,
884.05,743.63,177.00,119.07,108.82,127.28,119.28,128.56,213.81,160.57,118.00,89.62,49.18,
884.45,740.19,176.50,118.73,108.94,127.13,119.58,128.30,212.67,160.64,117.98,89.47,48.62,
884.85,740.00,176.18,119.29,109.32,127.04,119.72,128.21,212.05,160.26,118.02,89.68,47.55,
885.25,739.02,175.65,118.58,109.37,126.52,119.64,128.22,211.54,159.77,117.63,89.57,47.75,
885.65,738.46,175.33,118.15,108.33,126.40,119.84,128.09,211.37,159.69,117.31,89.83,48.30,
886.05,736.49,175.15,118.49,107.84,127.04,119.97,127.57,210.92,159.22,116.59,90.64,47.90,
886.46,735.52,174.86,118.61,107.55,126.30,119.87,127.35,210.78,158.64,115.77,90.17,47.82,
886.86,736.07,174.87,118.40,107.26,126.29,119.14,127.13,210.73,158.26,115.67,90.01,48.37,
887.26,735.59,174.57,118.09,106.97,126.18,119.04,127.44,209.63,157.98,115.89,90.07,48.29,
887.66,733.26,174.43,117.61,107.13,125.79,118.66,127.05,209.34,157.97,115.83,89.63,48.12,
888.06,732.90,174.07,117.10,107.36,125.58,118.67,126.10,209.16,157.84,115.42,89.55,48.39,
888.46,730.99,173.43,116.14,106.53,124.93,117.92,125.03,208.35,157.65,115.31,89.38,48.61,
888.86,727.60,172.91,116.04,106.02,124.49,117.29,124.39,208.08,157.26,114.89,88.28,48.21,
889.26,724.31,172.52,115.64,105.85,124.18,117.41,124.18,207.11,156.48,114.28,87.51,47.71,
889.66,719.08,171.48,114.80,105.55,123.43,116.99,123.33,205.27,155.98,113.14,86.93,47.21,
890.07,714.50,170.34,114.32,104.88,122.41,116.50,122.62,203.33,155.09,112.56,86.62,46.27,
890.47,710.24,168.97,113.27,104.26,121.55,115.65,122.07,201.58,153.54,111.40,86.24,45.66,
890.87,703.18,167.44,111.46,102.78,120.55,114.14,120.44,199.98,151.84,110.22,85.63,45.55,
891.27,696.42,165.51,110.48,101.20,119.65,113.06,118.52,198.18,150.36,108.62,85.44,45.35,
891.67,687.80,163.20,109.14,99.79,117.47,111.30,116.34,195.78,148.30,106.68,83.86,44.81,
892.07,678.92,160.85,107.64,97.90,115.54,108.87,114.51,193.55,145.98,104.98,81.91,44.49,
892.47,668.16,157.76,105.31,96.21,113.80,107.05,112.67,189.87,143.86,103.78,80.26,43.56,
892.87,655.27,154.43,103.19,94.82,111.66,105.33,110.74,186.07,141.77,102.07,78.39,42.36,
893.27,642.72,151.28,101.63,93.37,109.58,103.06,108.26,182.26,138.94,100.00,76.86,40.77,
893.67,628.88,147.92,98.54,91.11,107.20,100.88,105.57,177.85,135.60,98.24,75.43,40.21,
894.07,614.95,144.34,96.56,88.43,105.00,98.49,103.07,174.02,132.54,95.65,73.90,39.44,
894.47,601.03,140.88,94.86,86.43,103.50,96.90,100.96,170.23,129.30,93.04,72.11,38.09,
894.87,585.54,137.40,92.65,84.43,100.97,94.68,98.03,165.72,125.73,89.61,70.12,36.63,
895.27,572.55,133.76,90.49,82.29,98.90,92.11,95.66,161.33,122.62,87.55,68.50,35.87,
895.67,558.76,130.32,88.03,80.23,96.73,89.85,93.59,157.13,119.19,85.90,66.78,34.70,
896.08,545.06,126.85,85.41,78.03,94.61,87.63,91.17,153.44,115.94,83.49,64.59,34.06,
896.48,531.76,123.46,83.08,75.51,92.57,85.40,88.13,149.81,113.17,81.06,63.40,33.92,
896.88,520.19,120.37,81.25,73.19,90.02,83.37,85.89,146.28,110.59,79.14,61.70,33.47,
897.28,509.59,117.53,79.66,71.60,87.82,80.67,83.99,143.51,107.96,77.24,59.52,32.53,
897.68,499.06,114.95,77.84,70.10,86.09,79.45,82.87,140.29,105.80,75.83,57.83,31.68,
898.08,489.28,112.87,76.52,69.39,84.75,78.02,81.44,137.27,104.63,74.61,56.63,30.63,
898.48,482.38,111.22,75.72,69.10,83.64,77.12,80.33,134.89,102.90,73.81,55.76,29.38,
898.88,477.03,109.82,74.18,68.08,82.59,76.58,79.79,133.15,101.21,73.28,55.26,29.03,
899.28,472.91,109.16,73.21,67.02,82.10,75.91,78.80,132.53,100.27,72.31,54.93,29.56,
899.68,471.74,108.75,73.56,66.89,82.44,76.16,78.55,132.28,99.88,71.47,55.22,29.31,
900.08,471.32,108.94,73.82,67.05,82.28,76.41,78.40,132.42,99.69,71.33,54.52,28.95,
900.48,474.83,109.41,74.17,67.02,82.31,76.05,79.03,133.14,100.08,71.78,54.71,29.79,
900.88,478.54,110.17,74.51,67.77,82.83,76.59,80.35,134.05,101.26,73.42,55.38,29.92,
901.28,482.96,111.34,75.02,68.49,83.63,77.49,81.35,135.49,102.43,74.32,55.42,30.09,
901.68,488.79,112.84,75.85,69.52,84.36,78.62,82.18,137.36,103.64,75.16,56.86,30.76,
902.08,495.12,114.38,76.75,69.93,85.24,79.22,82.68,139.18,104.80,76.45,57.98,31.31,
902.48,501.38,115.97,78.17,70.86,85.87,79.94,83.89,141.63,106.20,77.28,58.13,31.58,
902.88,506.13,117.25,79.28,71.89,87.17,81.36,85.00,142.89,107.39,77.90,58.28,31.56,
903.28,508.14,118.52,79.90,72.81,87.98,82.37,85.91,143.55,108.28,78.23,58.62,31.53,
903.68,511.91,119.12,80.63,73.64,88.50,82.89,86.34,144.12,108.98,79.05,59.16,31.11,
904.08,512.91,119.50,80.45,73.67,88.62,83.60,87.14,144.38,109.07,79.67,59.50,31.08,
904.48,512.82,119.81,80.20,73.23,88.76,83.45,86.69,144.48,108.81,79.32,59.66,31.85,
904.88,511.73,119.73,80.15,72.88,88.79,83.19,85.85,144.48,108.53,78.67,60.21,31.82,
905.28,509.94,118.87,80.10,72.54,87.85,82.75,85.10,144.00,107.88,78.23,59.68,31.61,
905.68,506.91,118.05,79.81,71.48,87.07,80.99,84.71,143.54,106.97,77.65,58.63,31.47,
906.07,502.41,116.74,78.45,70.71,85.99,79.82,84.03,141.62,105.97,77.27,57.98,31.14,
906.47,495.36,115.46,77.20,70.65,84.74,78.96,82.98,139.63,104.99,76.52,56.85,30.24,
906.87,489.38,113.52,76.66,70.21,83.70,78.03,81.16,137.58,103.25,75.39,56.03,29.72,
907.27,482.21,111.82,74.61,68.85,82.33,76.57,79.40,134.78,101.28,74.42,55.67,29.69,
907.67,474.96,109.82,73.93,67.49,81.24,75.19,77.73,132.93,100.06,73.24,54.52,29.45,
908.07,467.81,108.51,72.86,66.63,80.95,74.71,76.56,131.01,98.58,71.69,53.38,28.54,
908.47,459.23,106.97,71.67,66.13,79.74,73.52,74.88,128.46,96.95,70.02,52.61,27.71,
908.87,453.86,105.72,70.48,65.05,78.93,72.23,74.07,126.69,95.92,69.61,52.04,27.18,
909.27,450.19,104.44,69.43,64.58,78.16,71.47,73.70,125.00,94.93,69.43,52.07,26.57,
909.67,446.38,103.27,68.49,63.84,77.80,70.82,72.66,123.81,93.59,68.69,51.25,26.74,
910.07,443.38,102.33,68.25,63.31,77.25,69.99,71.44,123.53,92.84,67.67,51.79,26.82,
910.47,441.15,101.52,67.88,62.56,76.38,69.52,70.87,123.09,92.63,67.30,51.44,26.49,
910.87,439.25,100.74,68.00,62.11,75.92,68.58,70.61,122.96,92.15,66.84,50.23,26.37,
911.27,437.16,100.36,67.65,62.15,75.76,68.23,70.74,122.17,91.77,66.68,49.60,26.25,
911.66,435.18,99.91,67.22,62.49,75.51,68.37,70.69,121.51,92.39,66.74,49.67,25.94,
912.06,434.14,99.51,67.50,63.06,75.40,68.56,70.48,120.82,91.99,66.72,49.75,25.17,
912.46,433.05,98.94,66.86,62.72,75.05,68.21,70.43,120.14,91.24,66.67,50.00,25.24,
912.86,431.91,98.94,66.41,61.79,74.98,68.14,70.16,120.31,90.95,66.03,50.24,25.41,
913.26,430.33,98.86,66.83,61.55,75.30,68.66,70.01,120.59,90.59,65.39,50.77,25.20,
913.66,428.68,98.66,66.38,61.48,75.12,68.59,69.74,119.89,89.72,64.55,50.24,24.78,
914.06,428.87,98.59,66.24,60.86,74.59,68.06,69.89,119.81,89.66,64.42,50.02,25.44,
914.46,429.00,98.32,65.80,60.91,74.34,68.10,70.41,119.32,89.69,64.94,49.97,25.32,
914.85,429.68,97.92,65.89,61.09,74.14,68.10,70.40,119.31,89.58,65.03,49.68,25.70,
915.25,430.69,98.27,66.25,61.07,74.01,68.26,70.08,119.84,89.45,64.90,49.85,26.27,
915.65,432.23,98.99,66.63,60.98,73.62,68.45,70.27,121.00,89.89,65.58,50.35,26.71,
916.05,436.07,99.89,67.36,61.62,74.15,68.60,71.00,122.09,90.80,66.21,50.52,26.79,
916.45,440.70,101.14,68.26,62.62,75.14,69.21,71.98,123.13,91.87,66.92,50.86,27.05,
916.85,444.07,103.04,68.85,63.79,76.21,70.38,72.96,124.15,93.40,67.80,51.76,27.12,
917.25,450.95,104.45,70.02,65.15,77.17,71.64,74.12,125.53,94.91,69.25,52.85,27.00,
917.64,457.09,105.81,70.92,66.25,78.36,73.02,75.69,126.88,95.90,70.16,53.76,27.45,
918.04,462.86,107.62,71.71,66.57,79.71,74.10,76.38,129.24,97.14,70.86,54.86,28.57,
918.44,469.40,109.40,73.12,67.22,81.31,75.60,77.03,131.40,98.74,71.32,56.08,29.23,
918.84,475.00,110.57,74.29,68.09,81.81,76.57,77.90,133.33,100.09,72.00,56.29,29.33,
919.24,481.28,112.12,75.54,68.68,82.59,76.30,79.25,135.26,101.45,73.06,56.20,30.20,
919.64,486.57,113.14,76.15,69.39,83.11,77.20,80.25,136.49,102.94,74.25,56.90,30.60,
920.03,491.07,113.81,76.89,70.60,83.67,78.13,81.18,137.66,103.99,75.46,57.05,30.43,
920.43,494.13,114.77,78.01,71.71,84.22,78.58,81.54,138.93,104.46,76.10,57.67,30.27,
920.83,496.23,115.67,78.14,71.64,84.34,78.71,81.48,140.03,104.59,76.70,58.36,30.66,
921.23,499.13,116.12,78.47,71.87,84.68,79.04,81.81,140.59,105.42,77.13,58.59,30.87,
921.63,499.35,116.42,78.63,72.22,85.81,79.78,82.17,140.62,105.70,76.91,58.45,30.52,
922.02,497.02,116.66,78.32,72.29,85.68,79.75,81.86,139.61,105.28,76.02,57.95,30.22,
922.42,497.09,116.01,78.04,72.02,85.41,79.76,81.96,139.06,105.01,76.03,57.86,29.94,
922.82,495.82,115.15,77.63,71.88,84.81,79.64,81.84,138.03,104.24,75.81,57.72,29.58,
923.22,492.24,114.40,76.75,70.90,84.51,79.05,80.96,137.20,103.10,75.02,57.20,29.70,
923.62,487.91,113.45,76.05,69.82,83.63,78.26,79.60,136.66,101.95,74.23,57.25,29.92,
924.01,483.15,111.89,75.42,68.71,82.24,77.34,78.69,135.20,100.95,73.41,56.42,29.56,
924.41,476.86,110.20,74.49,67.58,80.83,75.45,77.66,133.63,99.55,72.38,55.29,29.09,
924.81,469.65,108.47,72.67,66.43,79.29,73.92,76.89,130.84,98.01,71.42,54.14,28.80,
925.21,460.34,106.18,71.43,65.57,77.76,72.77,75.46,128.07,96.58,70.27,52.99,27.94,
925.60,450.35,103.71,70.39,64.72,76.43,71.25,73.84,125.21,94.10,68.85,51.95,26.41,
926.00,438.21,100.89,67.96,62.97,74.39,69.50,71.90,121.62,91.29,66.91,50.59,26.01,
926.40,426.08,98.08,65.93,60.46,72.64,67.56,69.77,118.52,88.96,64.68,49.13,25.81,
926.80,412.01,94.93,63.93,58.55,71.32,66.13,67.57,114.70,86.29,62.01,47.90,24.67,
927.19,395.54,91.11,61.54,56.45,68.64,63.94,64.61,110.21,82.76,58.66,45.51,23.43,
927.59,381.34,87.41,58.88,53.69,65.61,60.99,62.15,105.66,79.73,56.19,43.80,23.15,
927.99,365.15,83.04,55.81,51.38,62.64,58.40,59.56,100.93,76.30,54.27,41.95,21.65,
928.39,345.92,78.68,52.74,48.69,59.69,55.73,56.31,95.94,72.32,51.30,39.24,20.54,
928.78,326.00,74.28,49.75,45.49,56.22,52.35,52.45,91.28,67.90,48.20,37.19,19.70,
929.18,305.81,69.43,46.51,41.97,52.02,48.74,48.83,85.68,63.82,45.35,35.00,18.66,
929.58,285.09,64.72,43.41,38.95,48.54,44.86,45.34,80.13,59.59,41.86,32.17,17.25,
929.98,263.98,59.98,40.08,36.20,45.32,41.54,42.02,74.05,55.12,38.53,29.50,15.72,
930.37,242.53,55.70,36.74,33.73,41.99,38.59,38.69,67.95,51.42,35.77,26.93,14.00,
930.77,224.09,51.15,34.30,31.57,38.97,35.66,35.47,62.16,47.25,33.22,25.04,11.98,
931.17,205.05,47.06,30.66,29.00,35.93,33.10,32.91,56.44,42.96,30.37,22.95,10.74,
931.56,187.71,43.37,27.70,25.75,32.89,30.45,29.66,52.18,39.26,27.61,21.24,10.28,
931.96,172.43,40.19,25.64,23.58,31.05,28.30,26.92,47.95,36.16,25.05,20.34,9.14,
932.36,158.86,36.71,23.48,21.61,28.12,26.15,23.88,43.91,32.86,22.60,18.65,8.29,
932.75,147.36,33.98,21.60,19.71,25.86,23.38,22.09,40.72,30.21,20.51,16.64,7.93,
933.15,137.57,31.84,20.00,18.21,23.88,21.69,20.70,37.41,28.06,19.90,15.42,7.36,
933.55,128.01,29.50,18.40,17.30,22.00,20.30,19.20,34.70,26.30,18.70,14.00,6.50,
933.94,120.11,27.74,17.99,16.58,20.81,18.80,17.69,32.77,24.42,17.39,13.27,6.13,
934.34,112.84,26.56,16.76,15.45,19.59,17.47,16.46,31.40,22.82,16.56,13.03,6.26,
934.74,109.91,25.69,16.35,14.93,18.89,16.65,15.74,30.26,22.13,15.94,12.18,6.09,
935.13,107.77,25.23,16.24,15.22,19.61,16.86,15.63,29.63,21.96,15.32,11.65,5.52,
935.53,105.80,25.58,16.02,15.51,19.41,16.85,15.61,28.97,21.67,14.69,11.20,5.24,
935.93,109.58,26.05,16.13,16.02,19.64,17.47,16.23,29.36,22.12,15.40,11.17,4.76,
936.32,113.25,26.35,16.45,16.45,20.20,18.33,17.18,29.78,22.49,15.72,11.66,4.79,
936.72,117.24,27.07,16.68,16.68,21.09,18.99,17.42,31.58,22.98,15.95,11.75,5.46,
937.12,122.93,28.02,17.66,17.03,22.00,19.67,17.55,33.31,24.11,16.29,13.11,6.13,
937.51,128.70,28.99,18.65,17.80,22.49,20.36,18.01,35.17,25.37,16.95,13.54,6.50,
937.91,134.44,29.84,19.54,18.14,23.08,20.18,18.89,37.03,26.19,17.60,13.31,6.98,
938.31,139.99,31.03,19.78,19.03,24.22,20.76,20.32,37.84,27.35,18.81,13.40,7.13,
938.70,143.81,32.14,20.59,20.37,25.06,21.79,21.24,39.00,28.65,20.15,13.95,7.08,
939.10,148.24,33.05,21.85,21.85,25.92,22.73,21.96,40.19,29.21,20.97,14.28,6.59,
939.49,151.77,33.73,21.78,22.23,26.87,23.00,23.00,40.80,29.52,21.56,15.04,7.08,
939.89,155.26,34.61,22.15,22.04,27.60,23.82,23.59,41.96,30.72,22.04,15.58,7.68,
940.29,158.83,35.41,23.19,22.52,29.13,24.99,24.20,42.80,31.71,21.96,16.47,7.40,
940.68,160.05,35.84,23.44,22.99,29.53,25.58,24.23,42.60,31.90,21.30,16.34,7.33,
941.08,162.89,36.37,23.46,22.66,29.46,25.61,24.82,42.49,32.29,21.87,16.66,7.82,
941.47,164.64,35.78,23.36,22.90,29.51,25.86,25.07,42.16,32.47,22.79,16.98,7.52,
941.87,163.04,35.42,22.92,22.58,29.11,25.67,24.87,41.95,32.09,22.35,16.62,8.14,
942.27,161.14,35.45,22.79,22.21,28.78,24.98,24.06,42.13,31.54,22.10,16.57,9.09,
942.66,158.47,35.10,22.75,21.13,27.83,24.25,23.67,41.80,31.52,22.51,16.40,9.24,
943.06,156.12,34.53,22.71,20.97,27.34,23.17,23.29,41.59,30.93,21.78,15.64,8.92,
943.45,153.87,34.02,22.18,20.79,26.94,22.88,23.34,40.88,30.77,21.83,14.86,8.83,
943.85,151.51,34.43,22.22,21.05,26.64,22.92,23.26,39.90,31.06,22.10,14.66,8.14,
944.24,150.81,34.01,22.71,21.43,26.44,22.94,23.17,39.25,30.86,22.36,14.67,7.22,
944.64,149.67,33.78,21.66,21.20,26.21,23.06,23.64,38.67,30.52,22.13,15.03,7.22,
945.04,148.97,33.75,21.53,20.37,26.30,22.93,23.28,39.34,30.84,22.00,15.48,8.03,
945.43,149.43,34.07,21.98,20.23,26.98,23.61,22.68,39.77,30.58,21.75,16.05,7.67,
945.83,150.16,33.81,21.96,20.33,26.72,23.70,22.19,39.73,30.21,21.14,15.80,7.44,
946.22,152.51,33.75,22.03,20.30,26.33,23.19,22.27,40.36,30.27,21.34,15.54,8.00,
946.62,154.76,34.02,22.33,20.71,26.50,23.61,23.14,40.61,30.43,22.80,15.39,7.75,
947.01,156.18,34.41,22.52,21.59,26.67,23.90,23.44,41.34,30.60,23.21,15.13,7.62,
947.41,156.98,34.45,23.04,22.58,27.08,24.20,23.73,42.40,30.65,23.39,15.55,8.18,
947.80,157.85,35.24,23.65,22.50,27.21,24.22,23.76,43.39,30.88,24.11,16.30,8.49,
948.20,161.68,35.37,24.27,22.66,27.47,24.49,24.04,44.18,31.48,24.49,16.48,8.01,
948.59,162.90,36.06,24.65,23.39,28.41,25.56,24.42,44.50,31.84,24.31,17.00,7.76,
948.99,163.38,37.05,24.66,23.75,28.76,26.14,24.55,44.55,32.51,24.78,16.82,7.50,
949.38,167.35,37.72,25.37,24.13,29.22,26.84,25.26,44.51,32.96,25.71,17.10,6.80,
949.78,168.86,37.72,24.96,24.17,29.48,27.45,25.64,44.61,32.98,25.86,17.85,7.00,
950.17,169.48,38.18,24.66,23.99,30.07,27.59,25.56,45.72,33.11,25.45,18.13,7.88,
950.57,171.57,38.53,25.27,23.59,30.44,28.19,25.39,46.50,33.14,25.50,18.76,8.20,
950.96,173.58,38.63,25.76,23.52,30.24,28.22,25.20,46.92,33.37,24.97,18.93,8.17,
951.36,175.02,38.86,26.35,23.34,30.26,27.24,25.57,47.90,33.83,25.01,18.65,8.71,
951.75,177.53,39.62,26.27,24.04,30.61,27.27,26.60,48.08,34.17,25.71,18.25,8.90,
952.15,178.73,39.96,26.64,24.53,30.75,27.75,27.31,48.29,34.75,26.75,18.21,8.66,
952.54,179.75,40.21,27.25,25.48,31.35,28.03,27.25,49.19,35.01,26.81,18.83,8.86,
952.94,181.32,40.35,26.98,25.65,31.62,28.08,27.42,49.75,35.27,27.09,19.57,9.18,
953.33,183.35,41.47,27.35,25.04,32.20,28.56,27.57,50.51,36.28,27.57,19.85,9.37,
953.73,186.23,41.70,27.84,25.42,33.67,29.49,28.06,51.16,37.30,27.62,20.58,9.02,
954.12,187.65,42.36,28.20,26.23,34.13,29.96,28.09,51.47,37.75,26.89,20.63,9.11,
954.51,192.10,43.02,28.68,26.38,34.92,30.32,29.12,51.88,38.75,27.80,20.69,9.41,
954.91,196.81,43.57,29.26,26.97,35.38,31.34,30.35,52.30,39.42,28.72,21.18,9.17,
955.30,199.42,44.03,29.21,27.24,35.96,31.71,30.84,53.51,39.78,28.44,21.03,10.03,
955.70,202.30,44.70,30.02,28.17,36.54,32.19,30.78,54.93,40.24,28.71,21.64,10.77,
956.09,206.14,45.46,30.92,28.10,36.35,32.66,31.25,56.09,40.90,29.62,22.02,11.07,
956.49,209.69,46.21,31.82,28.68,36.80,32.25,31.82,57.36,41.56,29.55,21.86,11.36,
956.88,213.25,46.97,32.07,29.26,37.36,32.61,32.82,57.77,42.54,30.23,21.92,11.77,
957.27,215.65,47.92,32.63,30.26,37.80,33.81,33.38,58.26,44.05,31.34,22.18,11.63,
957.67,219.69,48.67,33.84,30.94,38.35,34.91,34.06,59.09,44.69,32.23,22.67,10.85,
958.06,223.42,49.51,33.43,31.61,39.01,35.79,34.93,59.69,45.33,32.68,23.79,11.47,
958.46,227.75,50.47,34.00,31.44,39.78,36.25,35.07,61.16,46.62,33.15,24.59,12.19,
958.85,232.12,51.97,35.22,31.91,40.98,37.67,35.54,62.43,47.60,33.62,25.72,11.95,
959.24,236.68,52.67,35.82,32.41,41.15,38.38,36.35,63.01,48.19,33.37,26.01,11.94,
959.64,242.16,53.86,36.19,32.68,41.62,38.53,37.04,64.40,49.18,33.96,26.19,12.88,
960.03,247.56,54.88,36.80,33.29,42.12,39.35,38.29,65.52,50.10,35.74,26.48,12.76,
960.42,251.72,55.61,37.43,34.45,42.64,39.98,39.23,66.88,50.29,36.36,26.90,13.29,
960.82,255.67,56.66,38.06,35.61,43.37,40.61,39.65,68.78,51.13,36.68,27.75,14.46,
961.21,259.41,57.88,38.87,35.90,43.76,41.00,39.93,70.73,52.47,38.13,28.78,14.98,
961.61,265.88,58.80,40.12,36.09,44.58,41.29,40.86,72.39,53.60,38.85,29.19,14.97,
962.00,269.91,60.13,40.94,37.12,46.56,42.21,42.00,73.60,55.15,39.45,29.59,15.38,
962.39,274.12,62.14,41.57,38.17,47.51,43.26,42.52,74.87,57.26,40.72,30.22,15.48,
962.79,281.91,63.65,42.75,39.36,48.80,44.34,43.71,76.38,58.24,41.90,30.87,14.85,
963.18,288.85,64.99,43.11,40.35,49.70,45.45,45.34,77.84,59.15,42.80,31.96,15.40,
963.57,294.70,66.33,43.79,41.03,51.02,46.34,46.24,80.46,60.48,43.69,32.63,16.37,
963.97,302.34,68.18,45.20,41.59,52.22,47.65,46.59,82.86,62.22,44.25,33.93,16.70,
964.36,309.75,69.77,46.90,42.54,52.86,48.81,47.75,85.08,63.28,45.20,34.67,16.91,
964.75,318.63,71.43,48.15,43.37,54.00,49.53,49.53,88.12,65.05,46.13,34.87,18.18,
965.15,328.15,73.70,49.38,45.03,55.54,51.19,51.40,90.59,67.22,48.00,35.68,18.69,
965.54,338.12,75.90,50.85,46.92,56.90,52.97,53.29,93.00,69.32,50.00,36.62,19.21,
965.93,347.77,78.10,52.84,48.81,58.57,54.54,54.75,95.92,71.20,51.46,38.09,20.05,
966.32,357.57,80.37,53.76,49.94,60.22,55.88,56.19,98.92,73.69,53.12,39.34,20.99,
966.72,368.23,82.65,55.53,50.86,61.99,57.22,57.86,102.15,76.19,54.89,40.80,21.40,
967.11,379.43,85.15,57.30,52.21,64.29,59.42,59.63,104.75,78.59,55.92,42.58,21.82,
967.50,387.81,87.57,58.55,53.90,66.07,61.10,60.99,107.16,81.00,56.97,43.41,22.45,
967.90,400.39,90.14,59.95,55.40,67.26,62.92,63.24,109.95,83.15,58.79,44.91,22.67,
968.29,411.19,91.61,61.11,56.87,68.63,64.60,65.35,111.73,84.62,60.26,46.39,22.98,
968.68,418.75,93.44,62.19,57.74,69.82,65.90,66.64,114.31,86.13,61.45,47.25,24.16,
969.07,426.34,95.28,63.49,58.40,71.22,67.30,67.41,117.22,87.44,62.32,48.22,25.01,
969.47,433.23,96.77,64.65,58.93,71.86,68.26,68.47,119.03,88.92,63.49,49.39,25.65,
969.86,439.16,97.91,65.87,59.51,72.66,68.00,69.38,121.14,90.17,64.07,49.64,25.99,
970.25,443.34,99.07,65.73,60.32,73.70,68.81,70.62,121.69,91.11,65.31,49.80,26.55,
970.64,444.68,99.94,66.13,61.03,74.32,69.32,71.02,121.95,92.18,66.13,50.18,26.37,
971.04,446.87,99.86,66.75,61.53,74.42,69.31,71.01,122.00,91.98,66.54,50.78,25.98,
971.43,445.52,99.50,65.69,61.54,74.44,68.89,71.03,121.36,91.61,66.01,51.19,26.34,
971.82,443.58,99.45,65.48,60.57,74.56,68.69,70.72,121.46,91.87,65.80,50.85,26.49,
972.21,442.11,99.23,65.94,60.27,74.72,69.15,70.33,120.86,91.63,65.30,51.49,25.80,
972.61,440.12,98.70,65.76,60.08,74.02,68.77,69.73,119.72,90.76,63.83,50.85,25.32,
973.00,438.06,98.15,65.36,59.45,73.53,68.05,69.66,119.22,90.30,63.85,50.20,25.69,
973.39,437.22,97.78,65.05,59.34,72.91,67.95,70.11,118.35,89.28,63.86,49.65,25.20,
973.78,434.54,97.10,64.84,59.13,72.51,67.76,69.81,117.93,88.47,63.55,48.98,25.14,
974.17,432.61,96.95,64.63,59.12,72.20,67.55,69.28,118.46,88.20,63.12,48.85,25.40,
974.57,431.56,96.91,64.68,58.84,71.93,67.28,68.79,118.87,88.37,63.71,49.10,25.63,
974.96,431.95,96.89,64.85,58.78,71.67,66.58,68.96,118.98,88.56,63.66,49.04,25.33,
975.35,431.98,97.07,64.78,59.26,72.48,66.95,69.12,119.06,89.05,63.70,48.86,25.46,
975.74,431.62,97.54,64.70,59.93,72.61,67.30,69.58,119.00,90.17,64.05,48.55,25.25,
976.13,435.30,97.96,65.63,60.64,73.01,67.59,70.19,119.12,90.80,64.66,48.93,24.19,
976.53,437.27,98.37,65.69,61.13,73.18,68.07,71.33,119.21,90.87,64.93,49.51,24.65,
976.92,439.38,99.34,65.87,60.98,73.80,68.48,71.19,121.08,91.52,65.11,49.45,25.43,
977.31,443.50,100.39,67.11,61.34,74.40,69.50,71.46,122.80,92.23,65.69,50.69,25.34,
977.70,447.73,101.30,68.00,61.91,74.64,70.51,72.03,123.93,92.27,65.72,51.25,25.68,
978.09,452.74,102.63,68.78,62.36,75.31,71.07,73.03,125.92,93.27,66.50,51.04,26.77,
978.48,458.43,103.88,69.25,63.16,76.33,71.98,74.37,127.62,94.63,68.17,51.29,27.11,
978.87,463.20,105.17,70.19,64.41,77.16,73.13,75.64,128.82,95.69,69.32,51.88,27.03,
979.27,467.72,106.36,71.45,66.11,78.22,74.18,76.14,130.58,96.76,70.36,53.13,28.04,
979.66,472.24,107.88,71.74,66.50,79.16,75.01,76.43,132.55,97.94,71.52,54.16,28.83,
980.05,478.42,108.70,72.94,66.81,80.48,75.24,77.31,134.07,99.51,72.61,54.90,29.31,
980.44,483.95,109.94,74.10,67.85,82.65,76.40,78.26,135.05,100.85,73.00,56.01,29.60,
980.83,487.84,111.19,75.04,68.89,83.61,77.68,78.89,136.13,102.07,73.40,56.26,29.56,
981.22,496.24,112.75,76.05,69.55,84.09,78.58,80.35,137.55,103.82,74.62,56.98,29.32,
981.61,502.64,113.96,76.71,70.52,84.67,79.91,81.79,138.49,104.23,75.71,57.81,29.73,
982.00,507.55,115.20,77.28,71.07,85.60,80.83,82.61,140.37,104.67,76.40,58.21,31.05,
982.39,514.17,116.79,78.53,71.30,86.65,82.09,82.98,142.93,105.89,77.20,59.40,31.48,
982.79,520.88,118.17,79.60,71.90,87.06,83.16,83.83,144.70,107.35,78.37,60.42,31.88,
983.18,526.60,119.57,80.79,72.41,88.05,83.25,85.26,146.61,108.39,79.00,60.57,32.85,
983.57,532.73,120.82,81.30,73.35,89.25,83.87,86.67,148.03,110.30,80.29,61.03,33.15,
983.96,537.97,122.00,82.08,74.68,90.05,84.66,87.69,148.92,112.36,81.64,61.68,32.86,
984.35,543.35,123.49,83.64,76.23,90.48,85.43,88.57,150.54,113.16,82.40,62.64,33.12,
984.74,547.16,124.49,83.48,76.85,91.23,85.73,89.21,152.13,114.15,83.03,63.37,33.71,
985.13,551.24,125.60,83.99,76.68,91.98,86.35,89.84,153.82,115.59,83.99,64.32,33.96,
985.52,556.10,126.80,85.06,77.30,93.05,87.65,90.69,154.59,116.90,84.39,65.60,33.75,
985.91,559.52,127.94,85.52,77.98,93.51,88.33,91.03,155.62,117.02,84.06,65.83,33.76,
986.30,563.13,128.99,85.80,78.05,93.45,89.07,92.21,156.65,117.74,84.90,65.67,34.07,
986.69,567.84,129.69,86.09,78.67,93.73,89.91,93.51,157.12,118.46,86.20,66.20,34.17,
987.08,569.68,130.45,86.63,79.33,94.27,90.23,94.05,158.09,118.32,86.07,66.41,35.17,
987.47,571.99,130.97,87.16,79.86,95.14,90.31,94.01,159.83,118.72,86.37,66.72,36.05,
987.86,573.07,131.84,87.63,79.78,95.15,90.77,94.25,161.12,119.94,87.18,67.32,36.13,
988.25,576.33,132.20,88.13,80.06,95.53,90.04,94.52,161.80,120.65,87.23,67.61,36.22,
988.64,577.55,132.83,88.66,80.93,96.96,90.23,95.73,162.09,121.17,87.43,67.59,36.32,
989.03,577.94,133.28,88.93,81.65,97.11,90.61,95.65,162.74,122.98,88.15,67.31,36.18,
989.42,581.65,133.96,89.75,82.59,97.47,91.09,96.35,162.83,123.32,88.63,67.71,35.59,
989.81,583.43,134.19,89.35,82.64,97.62,91.13,97.17,163.26,123.00,88.67,68.21,36.01,
990.20,584.11,134.63,89.08,82.05,98.46,91.65,96.78,163.99,123.35,89.19,68.21,36.50,
990.59,586.25,135.13,89.79,82.10,98.92,92.80,97.03,164.32,123.77,89.46,69.07,36.54,
990.98,588.41,135.22,90.26,82.27,98.59,93.37,97.14,164.42,123.57,88.93,69.17,36.41,
991.37,590.16,135.43,90.69,82.30,98.98,93.01,97.54,165.37,124.16,89.37,68.71,37.23,
991.76,592.37,135.82,90.91,82.68,98.82,93.22,98.27,165.47,124.95,90.37,68.63,37.44,
992.15,594.11,136.48,91.13,83.50,98.65,93.86,98.65,165.59,125.69,90.59,68.89,37.50,
992.54,595.06,136.79,91.84,84.49,99.19,93.89,98.43,166.71,125.55,90.76,69.15,37.71,
992.93,595.44,136.99,91.47,84.20,99.27,94.14,97.88,167.65,126.19,91.57,69.78,37.83,
993.32,598.06,137.39,92.12,84.42,99.72,93.92,98.03,167.89,126.73,92.02,70.17,37.46,
993.71,598.85,137.71,92.47,84.77,100.48,94.23,98.60,167.77,127.31,92.15,70.83,37.44,
994.10,599.51,138.27,92.73,85.36,100.92,94.47,98.56,167.95,127.94,92.73,70.52,37.25,
994.49,603.82,138.61,92.87,85.54,100.91,94.98,99.00,168.06,128.45,93.38,70.86,36.49,
994.87,605.28,138.90,92.76,85.77,100.95,95.62,99.96,167.29,127.96,93.65,71.27,36.67,
995.26,604.93,138.99,92.75,85.42,101.44,95.75,99.70,168.13,127.60,93.43,71.13,37.26,
995.65,606.55,139.34,93.08,85.25,101.49,96.39,98.94,168.70,128.01,93.46,71.75,37.29,
996.04,607.93,139.24,93.41,85.21,101.07,96.36,99.04,168.85,128.09,92.86,72.20,37.35,
996.43,608.00,139.33,93.88,84.97,101.08,95.41,99.10,169.39,128.17,92.80,71.74,38.07,
996.82,608.98,139.50,93.64,85.12,101.37,95.31,99.44,169.36,128.52,93.03,71.33,38.12,
997.21,608.86,139.61,93.56,85.50,101.02,95.19,99.39,168.94,128.89,93.30,71.18,37.90,
997.60,608.54,139.55,94.07,85.86,101.19,94.99,99.26,169.12,128.58,93.06,71.53,37.86,
997.99,606.91,139.15,93.21,85.59,101.15,94.76,98.86,169.46,127.93,93.04,71.42,38.09,
998.38,605.73,139.04,92.91,84.80,100.85,94.43,98.76,169.45,128.21,92.99,71.40,38.19,
998.76,604.36,138.67,93.15,84.73,101.19,94.10,98.82,168.67,128.12,92.52,71.89,38.19,
999.15,601.18,138.49,93.00,84.55,100.82,94.16,98.50,168.24,127.33,92.07,71.61,38.13,
999.54,600.89,138.16,92.79,84.07,100.21,94.17,98.30,167.76,127.06,92.03,70.99,37.64,
999.93,599.13,137.36,92.38,83.97,99.50,94.20,98.51,166.81,126.30,91.85,70.72,37.63,
1000.32,596.11,136.68,92.20,83.32,99.13,93.71,98.00,166.56,125.69,91.15,70.22,37.93,
1000.71,593.93,136.16,92.03,83.02,99.01,93.68,97.21,166.94,125.28,90.60,70.11,37.98,
1001.09,591.30,135.57,91.71,82.47,98.09,93.29,96.67,166.59,125.06,90.43,70.00,38.01,
1001.48,589.47,134.76,91.83,82.17,97.86,92.13,96.28,166.22,124.35,89.71,69.64,37.95,
1001.87,586.57,134.24,91.57,81.99,98.19,91.72,96.13,165.49,123.97,89.74,69.13,37.65,
1002.26,584.58,133.69,91.15,82.07,97.84,91.92,95.99,164.53,123.99,89.84,68.61,37.07,
1002.65,582.69,133.16,91.25,82.35,97.65,91.56,95.54,164.00,123.80,89.61,68.38,36.76,
1003.03,580.29,132.67,90.70,82.12,97.38,91.02,95.71,163.83,122.74,89.27,68.52,36.65,
1003.42,577.97,132.32,90.19,81.26,97.33,90.75,95.22,163.65,122.74,89.29,68.11,36.69,
1003.81,577.29,132.25,90.36,80.96,97.50,91.10,94.84,163.00,122.69,88.94,68.66,36.32,
1004.20,576.02,131.95,90.61,80.81,97.26,90.70,94.28,162.30,121.98,88.05,68.45,35.97,
1004.59,575.77,131.83,90.43,80.18,96.99,90.78,94.45,162.38,121.76,88.06,67.40,35.98,
1004.97,576.77,131.60,90.01,80.11,97.04,91.00,94.79,161.58,121.88,88.03,66.88,35.65,
1005.36,576.24,131.13,89.92,80.57,96.77,90.85,94.83,161.60,121.68,87.51,66.86,36.02,
1005.75,575.73,131.39,90.04,80.89,96.90,90.52,93.95,162.07,121.39,87.18,66.89,36.49,
1006.14,575.15,131.34,89.52,80.60,96.47,90.40,93.63,162.29,121.45,87.66,67.38,36.53,
1006.52,576.55,131.57,89.79,80.43,96.43,89.39,93.72,162.07,121.40,87.58,67.34,36.34,
1006.91,576.56,131.90,89.93,80.73,97.48,89.21,94.07,161.47,121.57,87.66,67.71,36.39,
1007.30,574.43,132.54,89.60,81.11,97.34,89.49,94.26,161.28,122.15,88.33,67.22,36.16,
1007.69,576.37,132.83,89.68,81.63,96.96,89.68,94.68,161.20,122.18,88.59,67.18,35.54,
1008.07,577.00,132.65,89.47,81.68,96.70,89.69,95.15,160.58,121.85,88.02,67.77,35.83,
1008.46,577.40,132.90,89.17,80.86,96.92,89.63,94.75,161.38,121.63,88.03,67.65,36.22,
1008.85,578.78,133.27,89.39,80.55,97.42,90.67,94.16,161.56,121.87,87.88,67.98,36.20,
1009.23,578.73,132.72,89.39,80.37,96.75,91.05,94.02,160.98,121.44,87.02,68.38,36.09,
1009.62,578.92,132.60,89.65,79.85,96.91,90.50,94.13,161.52,121.35,86.99,67.75,36.54,
1010.01,580.31,132.57,88.96,80.21,96.60,90.43,94.75,161.16,121.73,87.60,67.15,36.35,
1010.40,580.25,132.74,89.20,81.17,96.48,90.46,94.97,160.97,122.07,87.45,67.37,36.38,
1010.78,580.02,132.52,90.05,81.76,96.30,90.18,94.77,161.73,122.19,87.88,68.11,36.61,
1011.17,579.84,132.55,88.89,81.76,96.27,89.79,94.20,161.97,121.93,88.11,68.28,36.93,
1011.56,580.28,132.77,89.21,81.19,96.45,89.08,94.35,162.11,122.50,88.29,68.69,36.45,
1011.94,578.71,133.29,89.66,81.25,97.53,88.86,94.46,161.71,122.88,88.19,69.38,36.42,
1012.33,577.43,133.47,89.52,81.81,97.50,89.12,94.25,161.60,123.06,88.30,68.97,36.11,
1012.72,581.00,133.47,89.07,81.26,96.88,89.48,94.41,161.42,123.33,88.38,68.93,35.22,
1013.10,581.75,133.35,88.94,81.59,96.44,89.92,95.47,160.27,122.80,88.53,68.82,35.24,
1013.49,581.15,133.24,88.40,81.37,96.69,89.81,94.87,160.92,122.55,88.26,68.44,35.98,
1013.87,581.67,133.56,88.57,81.31,96.97,90.56,93.84,161.76,122.60,88.42,68.49,35.88,
1014.26,581.41,133.35,88.71,81.07,95.76,90.43,93.60,161.14,122.69,88.27,68.98,35.86,
1014.65,581.03,133.10,88.98,81.26,95.53,89.12,94.07,161.49,122.76,87.81,68.59,36.26,
1015.03,582.55,133.15,88.97,81.16,96.04,88.97,94.56,161.43,122.55,88.82,67.90,36.23,
1015.42,582.67,133.44,88.91,82.21,95.31,88.61,94.57,160.69,123.61,89.35,67.46,35.74,
1015.81,581.04,132.98,89.51,82.59,95.37,88.30,94.32,160.36,122.60,89.51,68.15,35.50,
1016.19,580.19,132.92,88.66,82.58,95.36,88.06,94.59,161.05,122.12,89.73,68.59,35.74,
1016.58,580.04,133.37,88.04,81.59,95.73,87.89,94.04,161.18,122.46,89.43,68.53,35.80,
1016.96,580.17,133.03,88.79,81.34,96.09,88.79,93.91,160.66,122.79,88.95,69.54,35.39,
1017.35,579.22,132.71,88.94,81.10,96.78,89.10,93.33,160.47,122.35,88.63,69.49,35.14,
1017.73,582.05,132.81,88.44,80.51,96.36,90.02,93.67,160.55,122.35,88.60,67.99,35.18,
1018.12,583.56,132.40,88.38,80.37,96.06,90.14,94.30,159.14,122.32,88.70,67.56,34.90,
1018.51,580.41,131.44,88.44,81.00,95.87,90.38,94.09,159.57,121.90,88.11,67.26,35.57,
1018.89,579.72,131.39,88.57,81.71,96.09,89.88,93.64,160.96,122.07,87.59,67.49,36.28,
1019.28,579.06,131.55,88.36,80.78,95.29,89.85,93.14,160.90,122.16,88.20,67.92,36.10,
1019.66,579.77,131.33,88.94,80.46,94.92,87.94,92.93,160.59,122.19,87.44,67.99,36.24,
1020.05,578.30,131.25,88.84,80.79,96.38,87.67,93.53,160.42,122.20,87.67,68.22,36.21,
1020.43,577.18,132.51,88.73,81.13,96.17,87.55,93.97,159.72,123.04,88.23,67.44,35.66,
1020.82,577.90,132.63,89.16,81.83,95.98,87.62,93.93,159.56,123.25,88.13,67.68,34.44,
1021.20,576.55,132.32,88.50,81.63,96.06,87.13,95.03,159.99,122.53,87.30,67.88,35.23,
1021.59,574.65,132.78,87.71,80.95,96.38,87.71,94.65,161.21,123.25,87.54,67.61,35.54,
1021.97,575.50,132.74,88.03,80.17,96.94,89.25,94.14,160.69,122.96,87.15,68.29,35.28,
1022.36,574.55,131.70,88.62,79.83,95.83,89.68,93.19,160.19,122.21,85.81,68.05,34.46,
1022.74,574.18,132.28,88.89,79.15,95.62,88.54,93.67,161.14,122.01,85.88,66.23,35.24,
1023.13,574.34,132.60,87.87,79.49,94.82,89.29,94.64,159.52,121.91,86.08,65.41,34.58,
1023.51,574.09,132.22,88.27,80.19,94.19,88.80,94.72,159.13,121.46,85.75,64.94,34.62,
1023.90,573.29,132.10,88.73,81.86,93.97,88.55,93.79,160.47,121.25,85.47,65.42,35.42,
1024.28,572.60,132.44,87.50,81.32,93.69,88.05,93.33,161.00,120.43,86.41,65.49,36.02,
1024.67,574.05,131.73,88.01,79.96,93.49,87.46,92.76,160.64,120.39,86.54,66.23,35.49,
1025.05,572.71,131.30,88.39,80.11,95.02,87.10,93.18,160.77,120.44,86.00,67.22,35.54,
1025.44,567.58,131.77,88.03,80.43,95.26,87.29,93.04,160.87,120.28,86.36,66.53,35.03,
1025.82,570.96,132.29,87.88,79.86,94.79,87.88,93.67,160.28,120.16,86.20,66.05,33.40,
1026.21,569.63,130.55,87.72,80.02,94.67,88.47,94.30,158.91,119.28,85.84,66.31,33.44,
1026.59,567.61,129.71,87.11,79.53,95.06,88.62,93.73,159.82,118.92,85.78,65.33,34.65,
1026.97,567.38,129.61,87.23,78.45,95.06,90.29,92.38,159.19,118.73,85.70,65.28,34.55,
1027.36,568.04,128.99,87.66,77.66,93.42,89.96,91.31,158.20,118.41,84.58,65.36,34.60,
1027.74,567.76,128.47,88.17,77.32,92.62,87.78,91.07,158.90,118.20,84.49,64.53,35.46,
1028.13,568.76,129.39,87.17,77.40,92.84,87.37,92.45,158.51,118.83,85.61,63.91,35.77,
1028.51,566.44,129.25,86.89,78.41,92.40,87.67,92.60,157.22,118.80,85.70,64.23,35.07,
1028.89,565.13,128.52,88.00,79.46,91.97,87.20,91.97,157.72,118.59,85.81,64.56,35.56,
1029.28,562.88,128.31,86.41,79.59,92.23,86.81,92.23,158.39,118.69,86.41,65.96,35.89,
1029.66,561.88,129.15,86.10,77.61,92.37,86.10,92.16,158.26,119.05,86.71,65.89,35.57,
1030.05,561.15,129.46,87.05,77.27,93.58,87.46,92.35,157.39,119.67,86.03,67.48,34.66,
1030.43,558.50,129.39,87.01,77.55,94.42,87.63,92.16,156.75,119.11,85.57,67.06,34.15,
1030.81,561.16,130.07,87.13,76.97,93.77,88.58,93.35,156.01,119.91,86.09,65.14,33.40,
1031.20,562.88,129.94,86.84,77.42,93.33,89.14,93.95,154.22,119.90,86.00,64.66,32.85,
1031.58,560.65,129.23,86.58,77.71,93.12,88.90,93.12,154.57,119.73,85.31,64.41,33.79,
1031.96,560.24,129.00,86.35,78.47,92.75,88.70,91.90,155.87,119.40,85.08,64.82,34.76,
1032.35,560.19,129.42,86.28,77.70,91.00,88.21,90.58,155.61,119.34,85.21,65.46,34.56,
1032.73,559.78,128.82,86.67,78.02,90.78,85.80,90.78,156.26,118.87,84.29,66.14,34.80,
1033.11,559.76,129.16,86.47,78.85,92.35,85.60,91.70,156.38,119.58,84.73,67.08,34.63,
1033.50,559.32,130.73,85.98,79.84,92.56,86.20,91.90,155.07,121.08,85.32,66.46,33.78,
1033.88,559.54,129.79,87.19,80.57,92.26,86.08,92.04,154.95,120.96,84.98,66.88,32.45,
1034.26,559.43,129.46,85.86,80.52,93.20,86.08,92.76,155.48,120.34,84.30,67.18,32.92,
1034.65,560.38,129.88,84.64,79.49,94.05,86.66,92.48,156.53,120.25,84.64,66.06,33.59,
1035.03,560.16,129.48,85.57,77.92,94.80,88.05,90.98,155.83,119.58,83.77,66.21,32.43,
1035.41,555.65,128.46,86.32,77.71,94.02,88.59,89.72,155.20,118.72,82.02,66.16,31.95,
1035.79,558.37,128.67,86.46,76.88,93.99,87.60,90.11,155.82,117.95,82.36,64.79,32.85,
1036.18,560.58,128.99,85.38,76.66,92.72,87.44,90.66,154.23,117.97,82.39,63.57,32.13,
1036.56,560.32,128.14,85.35,77.72,91.59,87.43,89.98,154.28,117.50,81.65,64.07,32.61,
1036.94,558.76,128.08,85.39,79.09,91.46,87.26,89.36,156.08,117.35,81.66,64.86,33.60,
1037.32,559.31,128.55,84.37,78.49,90.95,86.72,88.60,156.75,116.80,82.96,65.10,33.84,
1037.71,559.80,129.57,84.89,76.85,91.03,85.12,87.96,156.53,117.52,82.76,65.50,33.10,
1038.09,558.83,129.64,85.31,76.97,93.18,84.84,88.65,155.85,117.49,82.45,67.20,32.89,
1038.47,556.26,131.68,85.30,77.37,93.23,85.30,89.15,155.22,117.50,82.90,66.08,31.96,
1038.85,560.43,131.45,85.46,76.26,92.96,85.70,89.33,154.45,117.41,83.76,65.36,29.78,
1039.24,559.49,130.22,84.53,76.96,92.60,86.24,89.91,153.68,116.54,82.82,64.99,29.81,
1039.62,557.53,129.91,83.23,76.31,92.86,85.95,88.66,154.36,115.83,82.98,64.21,30.87,
1040.00,557.21,130.39,83.52,75.29,92.00,86.51,87.51,154.32,115.93,82.52,64.57,30.42,
1040.38,555.83,129.27,84.25,74.45,90.04,86.02,86.02,153.42,114.69,80.73,65.39,29.93,
1040.76,555.55,128.91,84.67,75.01,88.99,83.65,86.70,154.59,114.92,80.34,64.33,31.27,
1041.15,559.58,128.75,83.78,75.30,88.92,83.26,88.66,154.19,115.13,81.46,63.99,31.35,
1041.53,558.95,128.28,83.36,76.34,87.77,83.61,88.81,153.47,117.11,81.80,63.10,30.90,
1041.91,557.20,127.59,84.79,77.44,87.68,83.48,87.42,154.10,116.30,81.64,63.27,31.50,
1042.29,552.77,127.14,82.55,77.51,88.39,83.08,87.33,156.08,116.00,83.08,63.17,32.12,
1042.67,554.78,127.42,83.25,74.95,88.34,82.45,86.46,154.99,115.91,82.98,63.98,32.12,
1043.05,552.58,127.54,84.58,75.12,90.79,83.49,87.01,152.94,116.46,82.14,64.85,31.61,
1043.44,548.35,126.74,84.40,75.66,91.23,83.58,86.59,152.42,115.27,81.40,64.19,31.14,
1043.82,552.72,126.81,83.80,74.16,90.70,84.63,87.66,152.45,116.33,81.32,62.30,30.05,
1044.20,554.81,124.87,82.87,73.98,90.11,85.38,88.44,149.34,115.69,81.48,62.29,29.76,
1044.58,549.18,123.88,82.03,74.72,89.61,85.68,87.36,150.29,113.77,80.62,60.68,31.46,
1044.96,546.35,123.74,82.31,75.21,89.69,86.00,86.28,151.27,113.53,80.60,61.30,32.92,
1045.34,546.93,123.95,83.11,73.97,87.97,86.25,85.40,150.51,113.67,80.26,62.26,33.13,
1045.72,546.95,122.63,84.06,73.98,88.09,83.77,85.21,150.27,113.42,80.03,63.04,34.26,
1046.10,547.86,123.07,83.01,74.89,90.56,83.30,86.79,150.06,114.65,81.56,64.44,34.83,
1046.48,545.47,125.30,82.66,75.65,90.25,83.83,87.04,148.38,116.54,82.95,63.09,34.47,
1046.87,546.03,125.52,84.37,76.43,89.66,84.37,86.72,147.86,116.11,83.78,63.79,32.34,
1047.25,545.81,124.71,82.65,77.32,90.94,83.24,87.68,148.12,114.05,84.13,63.99,33.18,
1047.63,545.10,125.87,81.13,76.66,91.57,83.22,87.10,149.14,114.84,83.82,62.64,33.71,
1048.01,545.45,125.87,82.42,75.22,92.61,84.51,85.71,146.85,114.48,82.42,63.84,32.67,
1048.39,541.55,124.00,82.06,75.12,92.32,84.48,85.38,146.32,112.83,79.95,63.36,31.68,
1048.77,544.16,124.03,81.78,74.48,91.81,82.99,86.03,148.35,112.18,81.47,61.41,32.83,
1049.15,544.83,124.58,81.42,74.38,90.60,84.48,87.85,146.00,112.95,81.73,60.30,32.14,
1049.53,543.60,123.85,81.23,75.98,89.57,83.70,88.03,145.48,111.50,81.23,58.68,32.74,
1049.91,540.56,123.24,81.75,78.94,89.55,82.37,87.05,148.52,111.08,81.12,58.97,34.32,
1050.29,538.51,123.90,81.44,77.99,88.36,81.13,85.85,148.42,111.00,82.70,60.06,34.59,
1050.67,540.71,123.50,82.33,76.32,88.03,79.17,85.82,147.57,111.15,81.70,61.12,33.57,
1051.05,539.22,123.66,82.12,76.69,91.07,77.97,87.23,146.99,110.88,81.80,61.99,33.55,
1051.43,535.13,125.72,81.56,77.37,91.55,78.33,86.72,146.68,113.15,82.85,60.93,32.56,
1051.81,541.65,125.57,82.63,75.47,90.11,79.70,87.18,145.09,113.21,82.63,59.21,28.63,
1052.19,537.66,123.79,80.77,75.85,89.31,79.79,88.32,143.49,111.31,80.44,59.76,28.57,
1052.57,532.45,123.41,79.62,74.64,89.90,78.29,86.59,144.97,109.48,80.28,57.39,30.52,
1052.95,528.86,123.71,80.12,73.08,89.51,80.12,84.48,144.16,109.29,78.78,58.67,29.50,
1053.33,527.37,122.09,81.40,70.88,86.48,80.38,83.09,143.46,108.19,75.97,60.03,28.49,
1053.71,527.71,121.84,82.37,71.05,85.81,76.88,84.09,145.53,107.77,76.20,59.03,29.86,
1054.09,528.62,122.22,81.25,71.52,84.72,76.39,84.72,143.74,107.63,78.12,59.72,29.17,
1054.47,525.17,120.49,80.44,73.07,83.61,77.28,85.01,142.97,108.90,76.93,59.37,28.10,
1054.85,524.28,119.07,81.75,75.00,82.82,76.42,83.53,143.96,108.06,77.13,59.00,28.79,
1055.23,519.55,119.01,79.82,74.07,84.13,74.79,81.26,144.90,107.15,77.66,61.12,29.48,
1055.60,520.62,119.21,80.68,70.51,85.04,74.50,80.68,144.28,107.94,77.05,62.15,29.07,
1055.98,519.34,119.86,81.62,70.23,87.87,74.27,81.26,143.03,109.57,75.37,62.87,28.31,
1056.36,514.72,119.88,81.16,69.99,88.61,74.83,80.05,142.60,107.60,75.95,62.18,27.18,
1056.74,521.75,120.17,80.62,68.56,87.02,74.97,81.37,142.02,109.25,76.10,60.27,25.24,
1057.12,522.86,118.10,80.00,68.19,85.33,75.81,82.67,137.91,107.43,75.81,57.91,24.38,
1057.50,512.36,115.96,78.59,69.73,85.52,76.28,81.67,139.46,105.55,75.12,56.24,27.35,
1057.88,513.34,114.94,78.32,69.36,86.50,76.76,79.88,141.44,104.81,75.20,56.89,28.05,
1058.26,515.13,114.65,78.80,68.55,83.92,77.61,77.61,140.65,106.77,74.86,58.31,28.37,
1058.64,512.47,113.84,79.21,67.67,83.98,73.24,78.81,140.90,106.27,74.43,58.91,29.85,
1059.01,513.82,114.63,77.63,69.98,85.67,73.20,81.25,141.18,107.39,77.22,60.73,30.57,
1059.39,513.28,114.83,77.50,71.01,85.61,74.66,81.56,138.77,109.96,78.72,59.65,28.40,
1059.77,509.37,114.56,79.37,72.83,85.51,76.51,81.01,139.10,110.47,78.14,58.51,27.00,
1060.15,506.37,114.27,75.90,72.60,86.22,75.49,82.09,139.02,108.08,78.38,59.40,28.46,
1060.53,506.47,116.06,75.30,70.72,87.36,75.30,81.12,140.61,108.16,77.79,58.66,28.70,
1060.91,506.87,116.28,76.40,68.84,87.31,77.66,81.02,139.36,108.30,77.66,59.61,27.29,
1061.28,500.96,115.23,76.26,68.63,85.15,77.95,79.64,138.53,106.33,75.41,58.46,25.84,
1061.66,507.76,115.45,74.40,67.13,83.81,79.10,82.10,141.10,105.61,76.97,57.30,26.08,
1062.04,511.06,115.15,73.75,67.71,82.37,81.08,83.67,138.01,106.96,77.20,55.20,25.01,
1062.42,501.13,113.05,73.05,68.70,80.44,82.18,82.62,138.27,104.36,75.22,53.92,26.52,
1062.80,496.63,112.26,72.79,71.92,81.13,81.57,80.25,142.96,103.93,74.11,54.82,28.94,
1063.17,499.84,113.24,72.99,70.33,79.18,80.95,78.74,142.88,103.95,75.64,57.06,29.64,
1063.55,499.68,112.88,73.61,69.15,78.52,77.18,78.52,143.66,104.84,73.61,58.45,29.00,
1063.93,495.28,112.11,73.39,69.34,82.85,76.09,80.60,141.38,104.91,72.49,60.78,29.72,
1064.31,496.73,115.03,73.20,70.93,83.20,78.66,80.93,140.49,108.67,73.20,59.56,27.73,
1064.68,501.10,113.75,74.76,68.34,82.56,78.89,80.27,137.60,107.79,72.01,56.88,23.85,
1065.06,493.90,113.35,72.64,69.86,81.89,78.65,81.43,137.41,105.03,68.94,56.45,25.91,
1065.44,492.17,114.10,71.55,67.34,81.83,76.22,80.90,138.42,102.41,69.68,53.31,27.12,
1065.82,493.45,114.74,74.14,65.16,80.75,79.33,77.44,137.41,102.47,68.47,53.36,26.44,
1066.19,489.06,111.65,74.91,62.98,77.30,78.73,75.39,135.51,100.67,65.37,54.87,25.77,
1066.57,490.78,111.42,75.25,63.19,77.66,75.73,75.73,136.50,99.36,66.08,54.02,28.46,
1066.95,496.75,109.85,72.74,63.96,78.11,76.16,78.60,133.77,100.57,68.35,55.17,28.32,
1067.32,490.66,109.97,72.98,66.08,76.43,75.94,77.42,130.68,100.10,67.56,53.75,28.60,
1067.70,484.53,109.11,75.73,69.75,77.23,74.24,75.23,133.03,97.65,66.76,55.30,29.40,
1068.08,480.61,109.71,74.48,69.45,79.01,72.47,72.97,134.87,97.13,68.44,56.36,30.70,
1068.45,486.81,110.83,75.25,65.08,79.31,69.65,73.72,132.70,98.63,68.64,56.94,28.98,
1068.83,484.09,112.48,76.02,65.23,82.69,68.31,73.96,131.49,98.62,67.28,59.07,26.71,
1069.21,479.47,115.91,75.88,66.01,83.68,70.17,75.36,130.98,98.75,69.13,59.77,25.47,
1069.58,493.32,116.82,75.77,63.67,82.62,72.09,77.88,131.55,100.51,71.04,57.36,21.57,
1069.96,492.05,115.96,73.94,63.83,80.86,73.41,79.79,128.20,97.88,70.75,54.79,20.75,
1070.34,482.87,115.14,71.56,65.10,81.78,72.09,77.47,131.81,95.23,71.02,53.80,24.75,
1070.71,486.66,114.19,71.78,64.71,81.56,75.04,75.04,132.13,92.98,71.23,53.83,25.01,
1071.09,488.51,111.42,73.00,63.12,78.49,76.30,71.90,130.09,94.41,68.61,55.99,25.25,
1071.47,490.44,110.83,73.15,63.18,78.14,70.38,73.70,132.45,93.65,68.72,57.63,27.71,
1071.84,494.29,111.46,70.57,64.97,82.90,71.69,78.41,131.06,96.34,72.25,61.05,27.45,
1072.22,494.44,110.19,70.63,66.68,81.37,72.90,79.11,128.27,100.02,73.46,58.20,25.43,
1072.59,489.34,110.95,75.11,68.85,81.37,73.40,77.95,129.73,99.01,73.40,58.61,24.47,
1072.97,485.67,109.45,70.49,69.34,81.37,71.63,76.22,131.80,98.57,73.92,57.31,26.36,
1073.35,489.62,109.77,69.33,65.86,82.61,71.06,76.26,132.88,100.52,75.10,54.88,27.15,
1073.72,490.41,108.27,69.85,63.45,83.82,73.93,76.84,129.81,101.28,75.09,55.88,24.45,
1074.10,478.86,108.11,70.51,64.04,82.85,73.45,74.62,129.85,98.12,74.03,55.82,24.09,
1074.47,490.75,108.53,69.98,62.27,81.84,75.91,77.69,131.07,99.63,75.32,52.19,22.54,
1074.85,491.98,105.28,68.19,61.01,80.15,78.36,78.96,126.21,96.30,75.97,49.65,21.53,
1075.22,481.72,101.16,68.65,62.62,77.08,76.47,76.47,127.66,93.33,73.46,46.37,23.48,
1075.60,479.23,101.31,70.37,66.12,77.65,76.43,72.79,132.24,91.60,72.19,47.32,26.69,
1075.97,479.69,101.44,70.88,63.55,74.55,76.38,70.88,130.77,92.88,73.33,49.50,28.72,
1076.35,481.39,102.74,71.36,62.13,76.28,69.52,70.13,131.04,94.13,71.36,51.06,28.91,
1076.72,479.45,103.03,70.75,64.55,81.93,68.27,75.10,130.34,96.20,72.62,55.24,29.17,
1077.10,474.73,106.54,70.19,65.80,82.72,70.82,75.20,126.59,100.27,75.83,54.52,26.32,
1077.47,474.01,105.55,73.95,63.20,80.27,72.05,75.21,125.77,99.23,75.84,50.56,22.75,
1077.85,471.65,105.17,70.75,65.01,80.95,70.75,76.48,127.47,96.24,73.93,48.44,24.22,
1078.22,468.10,105.52,67.56,63.70,81.72,70.14,75.28,129.33,95.23,74.64,45.68,26.38,
1078.60,465.92,106.50,70.13,58.44,83.12,74.68,74.68,127.28,94.81,72.73,48.70,24.03,
1078.97,460.62,104.91,70.81,57.04,77.37,76.06,71.47,126.55,90.48,66.22,50.49,22.29,
1079.35,465.62,105.38,70.92,58.33,76.88,73.57,72.24,129.25,89.48,66.28,50.37,23.86,
1079.72,476.23,103.97,69.09,57.68,75.12,75.12,75.80,122.75,91.89,67.08,50.31,22.81,
1080.10,465.70,102.96,67.74,59.61,73.84,74.51,75.87,121.93,90.09,63.67,48.77,25.06,
1080.47,463.64,101.97,70.49,66.38,74.59,71.86,71.86,125.92,89.65,63.64,47.22,29.43,
1080.84,463.34,103.73,69.16,64.31,74.00,69.85,67.77,126.55,90.59,65.70,51.17,31.81,
1081.22,466.53,102.74,68.49,59.41,74.79,65.00,69.89,124.41,91.56,64.30,51.72,29.35,
1081.59,468.20,103.18,69.97,61.48,80.57,64.31,72.79,123.68,92.58,62.90,55.83,28.98,
1081.97,468.17,106.19,69.60,61.70,81.08,66.01,73.90,122.69,95.43,66.73,54.53,26.55,
1082.34,476.40,105.46,70.55,56.00,77.10,67.64,73.46,121.46,95.28,67.64,50.19,20.37,
1082.71,475.03,103.11,67.76,55.97,77.33,68.49,76.59,121.52,92.06,66.28,45.66,19.15,
1083.09,471.62,103.64,64.13,56.67,76.80,67.11,73.07,124.52,87.99,64.87,43.25,23.86,
1083.46,471.91,102.69,64.18,53.61,76.26,70.22,68.71,124.58,86.08,63.42,47.57,21.90,
1083.83,468.02,99.33,65.71,51.20,71.06,70.30,64.18,121.49,84.05,57.31,49.67,21.39,
1084.21,471.35,98.13,65.68,52.54,70.32,64.13,65.68,123.63,83.45,56.41,50.23,25.50,
1084.58,479.43,100.19,63.40,54.79,72.80,63.40,68.88,120.54,86.88,61.84,52.44,24.27,
1084.95,471.54,100.65,63.40,55.47,71.32,62.61,68.95,116.50,94.31,61.81,47.55,23.77,
1085.33,460.12,100.03,68.02,59.22,70.42,62.42,66.42,120.83,90.42,61.62,47.21,24.81,
1085.70,453.03,97.89,65.53,59.87,70.38,59.06,63.10,123.78,88.99,64.72,49.35,25.89,
1086.07,456.26,100.66,63.84,54.83,69.56,55.65,61.38,122.76,92.48,63.84,48.29,23.73,
1086.45,452.68,100.87,62.84,51.26,74.41,58.70,63.66,118.23,92.60,61.18,49.61,20.67,
1086.82,437.34,101.28,61.10,52.73,72.82,61.94,59.43,118.02,87.89,61.10,49.38,19.25,
1087.19,454.83,103.24,57.54,48.23,68.54,63.46,61.77,119.31,89.70,63.46,43.16,14.39,
1087.57,445.43,100.22,55.68,47.97,65.96,67.67,63.39,112.22,88.23,63.39,40.26,12.85,
1087.94,430.19,94.25,51.88,50.15,63.99,66.58,59.66,115.87,84.74,59.66,39.78,17.29,
1088.31,425.52,92.52,53.24,54.99,62.85,68.08,54.99,116.96,82.05,55.86,41.90,20.95,
1088.68,422.58,92.44,54.58,51.94,59.87,66.03,51.06,116.21,85.40,55.46,43.14,21.13,
1089.06,417.04,93.17,55.90,51.46,58.56,55.90,52.35,118.01,86.07,51.46,43.48,24.85,
1089.43,421.18,94.99,55.56,53.77,62.73,55.56,59.14,117.39,89.61,55.56,46.60,24.20,
1089.80,417.66,97.15,58.11,56.29,64.47,57.20,59.93,113.49,98.06,59.93,45.40,21.79,
1090.17,413.08,93.63,62.42,54.16,64.26,57.83,58.75,113.83,95.47,60.58,41.31,15.61,
1090.54,400.67,90.79,54.66,55.58,63.92,56.51,61.14,114.87,88.01,61.14,40.76,20.38,
1090.92,407.37,92.71,52.44,51.51,67.43,55.25,59.93,116.12,85.22,61.81,37.46,21.54,
1091.29,411.05,93.55,53.86,45.36,68.04,59.53,59.53,109.61,85.04,57.64,38.74,18.90,
1091.66,394.72,88.46,53.26,42.80,61.82,58.97,57.07,108.43,78.94,54.21,40.90,16.17,
1092.03,397.91,89.17,53.69,43.15,59.45,59.45,59.45,111.22,77.66,56.57,40.27,19.18,
1092.40,411.79,87.20,52.32,41.66,57.17,60.07,64.92,102.70,80.42,59.10,44.57,17.44,
1092.78,394.09,84.20,52.87,45.04,58.75,59.72,63.64,101.83,79.31,55.81,41.12,20.56,
1093.15,382.56,82.93,55.29,51.34,61.21,56.27,58.25,109.59,76.02,52.32,42.45,25.67,
1093.52,387.92,88.53,55.70,49.73,59.68,54.71,56.70,109.41,75.59,56.70,46.75,30.83,
1093.89,392.27,88.51,58.34,41.24,59.34,45.26,57.33,109.63,77.45,54.31,49.28,28.16,
1094.26,388.12,90.31,58.85,42.62,65.96,43.63,60.88,108.57,80.16,54.79,50.74,27.40,
1094.63,390.26,94.48,56.48,44.16,65.73,49.30,61.62,105.78,82.16,60.59,49.30,21.57,
1095.00,402.25,93.43,58.13,38.41,63.32,50.87,63.32,103.81,83.05,60.21,43.60,13.49,
1095.37,391.16,90.31,52.50,37.80,60.91,47.25,68.26,105.01,75.61,56.71,37.80,11.55,
1095.75,384.39,92.25,46.66,39.23,61.50,45.60,63.62,109.22,71.05,56.20,33.93,19.09,
1096.12,391.20,94.32,49.30,34.30,58.95,51.45,57.88,107.18,70.74,50.37,37.51,15.00,
1096.49,378.72,87.65,49.77,32.46,51.94,48.69,53.02,102.80,68.17,40.04,40.04,14.07,
1096.86,373.94,85.16,49.13,33.85,52.41,43.67,53.50,106.99,66.60,40.40,39.30,17.47,
1097.23,378.56,86.21,46.42,36.47,55.26,45.32,58.58,98.37,67.42,44.21,44.21,17.68,
1097.60,375.72,85.24,47.11,40.38,53.83,44.86,60.56,93.09,71.78,41.50,38.13,14.58,
1097.97,354.53,81.68,55.59,49.92,54.46,43.11,55.59,98.70,68.07,37.44,32.90,17.02,
1098.34,341.61,80.38,49.38,50.52,52.82,39.04,50.52,101.05,66.60,43.63,36.74,18.37,
1098.71,354.69,82.57,51.17,41.86,54.66,34.89,51.17,97.68,67.45,41.86,31.40,17.44,
1099.08,348.12,80.25,49.56,40.12,61.36,33.04,53.10,93.23,68.44,38.94,34.22,12.98,
1099.45,336.81,82.27,48.88,44.11,60.80,35.77,46.50,88.23,64.38,42.92,32.19,10.73,
1099.82,358.95,82.05,44.64,38.61,57.91,39.82,50.68,84.46,65.15,48.26,28.96,2.41,
1100.19,352.93,77.34,42.97,39.28,55.24,40.51,54.01,81.02,58.92,47.88,23.32,1.23,
1100.56,0.00,0.00,0.00,0.00,0.00,0.00,0.00,0.00,0.00,0.00,0.00,0.00,
1100.93,0.00,0.00,0.00,0.00,0.00,0.00,0.00,0.00,0.00,0.00,0.00,0.00,
1101.30,0.00,0.00,0.00,0.00,0.00,0.00,0.00,0.00,0.00,0.00,0.00,0.00,
1101.67,0.00,0.00,0.00,0.00,0.00,0.00,0.00,0.00,0.00,0.00,0.00,0.00,
1102.04,0.00,0.00,0.00,0.00,0.00,0.00,0.00,0.00,0.00,0.00,0.00,0.00,
1102.41,0.00,0.00,0.00,0.00,0.00,0.00,0.00,0.00,0.00,0.00,0.00,0.00,
1102.78,0.00,0.00,0.00,0.00,0.00,0.00,0.00,0.00,0.00,0.00,0.00,0.00,
1103.15,0.00,0.00,0.00,0.00,0.00,0.00,0.00,0.00,0.00,0.00,0.00,0.00,
1103.52,0.00,0.00,0.00,0.00,0.00,0.00,0.00,0.00,0.00,0.00,0.00,0.00,
1103.88,0.00,0.00,0.00,0.00,0.00,0.00,0.00,0.00,0.00,0.00,0.00,0.00,
1104.25,0.00,0.00,0.00,0.00,0.00,0.00,0.00,0.00,0.00,0.00,0.00,0.00,
1104.62,0.00,0.00,0.00,0.00,0.00,0.00,0.00,0.00,0.00,0.00,0.00,0.00,
1104.99,0.00,0.00,0.00,0.00,0.00,0.00,0.00,0.00,0.00,0.00,0.00,-0.00,
1105.36,0.00,0.00,0.00,0.00,0.00,0.00,0.00,0.00,0.00,0.00,0.00,0.00,
1105.73,0.00,0.00,0.00,0.00,0.00,0.00,0.00,0.00,0.00,0.00,0.00,0.00,
1106.10,0.00,0.00,0.00,0.00,0.00,0.00,0.00,0.00,0.00,0.00,0.00,0.00,
1106.47,0.00,0.00,0.00,0.00,0.00,0.00,0.00,0.00,0.00,0.00,0.00,0.00,
1106.83,0.00,0.00,0.00,0.00,0.00,0.00,0.00,0.00,0.00,0.00,0.00,0.00,
1107.20,0.00,0.00,0.00,0.00,0.00,0.00,0.00,0.00,0.00,0.00,0.00,0.00,
1107.57,0.00,0.00,0.00,0.00,0.00,0.00,0.00,0.00,0.00,0.00,0.00,-0.00,
1107.94,0.00,0.00,0.00,0.00,0.00,0.00,0.00,0.00,0.00,0.00,0.00,-0.00,
1108.31,0.00,0.00,0.00,0.00,0.00,0.00,0.00,0.00,0.00,0.00,0.00,0.00,
1108.67,0.00,0.00,0.00,0.00,0.00,0.00,0.00,0.00,0.00,0.00,0.00,-0.00,
1109.04,0.00,0.00,0.00,0.00,0.00,0.00,0.00,0.00,0.00,0.00,0.00,-0.00,
1109.41,0.00,0.00,0.00,0.00,0.00,0.00,0.00,0.00,0.00,0.00,0.00,-0.00,
1109.78,0.00,0.00,0.00,0.00,0.00,0.00,0.00,0.00,0.00,0.00,0.00,-0.00,
1110.15,0.00,0.00,0.00,0.00,0.00,0.00,0.00,0.00,0.00,0.00,0.00,-0.00,
1110.51,0.00,0.00,0.00,0.00,0.00,0.00,0.00,0.00,0.00,0.00,0.00,0.00,
1110.88,0.00,0.00,0.00,0.00,0.00,0.00,0.00,0.00,0.00,0.00,0.00,0.00,
1111.25,0.00,0.00,0.00,0.00,0.00,0.00,0.00,0.00,0.00,0.00,0.00,0.00,
1111.62,0.00,0.00,0.00,0.00,0.00,0.00,0.00,0.00,0.00,0.00,0.00,0.00,
1111.98,0.00,0.00,0.00,0.00,0.00,0.00,0.00,0.00,0.00,0.00,0.00,-0.00,
1112.35,0.00,0.00,0.00,0.00,0.00,0.00,0.00,0.00,0.00,0.00,0.00,-0.00,
1112.72,0.00,0.00,0.00,0.00,0.00,0.00,0.00,0.00,0.00,0.00,-0.00,-0.00,
1113.08,0.00,0.00,0.00,0.00,0.00,0.00,0.00,0.00,0.00,0.00,-0.00,-0.00,
1113.45,0.00,0.00,0.00,0.00,0.00,0.00,0.00,0.00,0.00,0.00,0.00,-0.00,
1113.82,0.00,0.00,0.00,0.00,0.00,0.00,0.00,0.00,0.00,0.00,0.00,-0.00,
1114.18,0.00,0.00,0.00,0.00,0.00,0.00,0.00,0.00,-0.00,0.00,0.00,0.00,
1114.55,0.00,0.00,0.00,0.00,0.00,0.00,0.00,0.00,0.00,0.00,0.00,0.00,
1114.92,0.00,0.00,0.00,0.00,0.00,0.00,0.00,0.00,0.00,0.00,0.00,0.00,
1115.28,0.00,0.00,0.00,0.00,0.00,0.00,0.00,0.00,0.00,0.00,-0.00,0.00,
1115.65,0.00,0.00,0.00,0.00,0.00,0.00,0.00,0.00,-0.00,0.00,-0.00,0.00,
1116.02,0.00,0.00,0.00,0.00,0.00,0.00,0.00,0.00,0.00,0.00,-0.00,0.00,
1116.38,0.00,0.00,0.00,-0.00,0.00,0.00,0.00,0.00,0.00,0.00,-0.00,0.00,
1116.75,0.00,0.00,0.00,-0.00,0.00,0.00,-0.00,0.00,0.00,0.00,-0.00,-0.00,
1117.11,0.00,0.00,0.00,-0.00,0.00,0.00,-0.00,0.00,0.00,0.00,-0.00,-0.00,
1117.48,0.00,0.00,0.00,-0.00,0.00,0.00,0.00,0.00,0.00,0.00,-0.00,-0.00,
1117.84,0.00,0.00,-0.00,-0.00,0.00,0.00,0.00,0.00,-0.00,0.00,-0.00,-0.00,
1118.21,0.00,-0.00,0.00,0.00,0.00,0.00,-0.00,0.00,-0.00,0.00,-0.00,0.00,
1118.58,0.00,-0.00,0.00,0.00,-0.00,0.00,-0.00,0.00,-0.00,0.00,-0.00,-0.00,
1118.94,0.00,-0.00,0.00,-0.00,-0.00,0.00,-0.00,0.00,-0.00,-0.00,-0.00,-0.00,
1119.31,0.00,0.00,-0.00,-0.00,0.00,0.00,0.00,0.00,0.00,0.00,-0.00,-0.00,
1119.67,0.00,0.00,-0.00,0.00,0.00,0.00,0.00,0.00,0.00,0.00,-0.00,-0.00,
1120.04,0.00,0.00,-0.00,0.00,0.00,0.00,0.00,0.00,0.00,0.00,-0.00,-0.00,
1120.40,0.00,0.00,-0.00,0.00,0.00,0.00,0.00,0.00,-0.00,0.00,-0.00,-0.00,
1120.77,0.00,0.00,-0.00,-0.00,0.00,0.00,-0.00,0.00,-0.00,0.00,-0.00,-0.00,
1121.13,0.00,0.00,-0.00,-0.00,0.00,0.00,0.00,0.00,-0.00,-0.00,-0.00,-0.00,
1121.50,0.00,0.00,-0.00,-0.00,0.00,0.00,0.00,0.00,-0.00,-0.00,0.00,-0.00,
1121.86,0.00,-0.00,-0.00,-0.00,-0.00,0.00,0.00,0.00,-0.00,-0.00,-0.00,-0.00,
